benchmark,smt,event,duration,result
FASTJSON-79_1,smt-57,check,11,false
SPOON-163_1,smt-1,check,12,false
GUAVA-249_1,smt-57,check,12,false
FASTJSON-17_1,smt-1,check,12,false
GUAVA-260_1,smt-57,check,13,false
SPOON-151_1,smt-1121,check,0,false
FASTJSON-39_1,smt-37,check,0,false
GUAVA-6_1,smt-57,check,0,false
SPOON-163_1,smt-1,solve,20,SAT
FASTJSON-17_1,smt-1,solve,12,SAT
SPOON-163_1,smt-7,check,0,false
FASTJSON-17_1,smt-7,check,1,false
GUAVA-249_1,smt-57,solve,14,SAT
GUAVA-249_1,smt-37,check,0,false
SPOON-163_1,smt-7,solve,13,SAT
FASTJSON-17_1,smt-7,solve,22,SAT
SPOON-163_1,smt-27,check,0,false
FASTJSON-17_1,smt-4,check,0,false
GUAVA-260_1,smt-57,solve,19,SAT
GUAVA-249_1,smt-37,solve,11,SAT
FASTJSON-79_1,smt-57,solve,23,UNSAT
GUAVA-260_1,smt-311,check,0,false
GUAVA-249_1,smt-1,check,0,false
FASTJSON-79_1,smt-57,update,39,
FASTJSON-17_1,smt-4,solve,6,SAT
FASTJSON-17_1,smt-3,check,0,false
FASTJSON-79_1,smt-90,check,2,false
FASTJSON-79_1,smt-90,solve,6,UNSAT
FASTJSON-79_1,smt-90,update,4,
FASTJSON-17_1,smt-3,solve,6,SAT
FASTJSON-17_1,smt-2,check,0,false
FASTJSON-79_1,smt-37,check,4,true
FASTJSON-79_1,smt-1,check,0,false
FASTJSON-17_1,smt-2,solve,6,SAT
FASTJSON-79_1,smt-1,solve,5,SAT
FASTJSON-17_1,smt-8,check,0,false
GUAVA-249_1,smt-1,solve,13,SAT
GUAVA-249_1,smt-31,check,0,false
FASTJSON-79_1,smt-87,check,1,false
FASTJSON-17_1,smt-8,solve,5,UNSAT
FASTJSON-17_1,smt-8,update,1,
GUAVA-249_1,smt-31,solve,8,SAT
FASTJSON-17_1,smt-6,check,1,false
GUAVA-249_1,smt-53,check,0,false
FASTJSON-39_1,smt-37,solve,56,UNSAT
GUAVA-260_1,smt-311,solve,14,UNSAT
FASTJSON-39_1,smt-37,update,29,
GUAVA-260_1,smt-311,update,39,
GUAVA-249_1,smt-53,solve,10,SAT
FASTJSON-39_1,smt-1,check,1,false
GUAVA-249_1,smt-7,check,0,false
GUAVA-260_1,smt-173,check,0,false
GUAVA-249_1,smt-7,solve,6,SAT
FASTJSON-17_1,smt-6,solve,22,SAT
GUAVA-249_1,smt-27,check,0,false
FASTJSON-39_1,smt-1,solve,10,SAT
FASTJSON-17_1,smt-5,check,0,false
FASTJSON-39_1,smt-31,check,6,false
GUAVA-260_1,smt-173,solve,13,SAT
GUAVA-260_1,smt-225,check,0,false
FASTJSON-39_1,smt-31,solve,7,SAT
FASTJSON-17_1,smt-5,solve,7,UNSAT
FASTJSON-17_1,smt-5,update,1,
FASTJSON-39_1,smt-7,check,0,false
GUAVA-249_1,smt-27,solve,54,SAT
GUAVA-249_1,smt-48,check,0,false
GUAVA-78_1,smt-57,check,0,false
FASTJSON-79_1,smt-87,solve,28,UNSAT
GUAVA-249_1,smt-48,solve,7,SAT
FASTJSON-79_1,smt-87,update,29,
GUAVA-249_1,smt-18,check,0,false
FASTJSON-79_1,smt-31,check,0,false
GUAVA-249_1,smt-18,solve,5,SAT
GUAVA-249_1,smt-42,check,0,false
FASTJSON-39_1,smt-7,solve,29,UNSAT
FASTJSON-39_1,smt-7,update,1,
FASTJSON-39_1,smt-27,check,4,false
GUAVA-260_1,smt-225,solve,23,UNSAT
GUAVA-260_1,smt-225,update,29,
FASTJSON-79_1,smt-31,solve,17,UNSAT
FASTJSON-79_1,smt-31,update,1,
GUAVA-260_1,smt-227,check,0,false
GUAVA-249_1,smt-42,solve,16,SAT
FASTJSON-79_1,smt-89,check,0,false
GUAVA-249_1,smt-4,check,3,false
GUAVA-249_1,smt-4,solve,5,SAT
GUAVA-249_1,smt-24,check,0,false
FASTJSON-39_1,smt-27,solve,12,UNSAT
FASTJSON-39_1,smt-27,update,1,
GUAVA-249_1,smt-24,solve,4,SAT
GUAVA-78_1,smt-57,solve,130,SAT
GUAVA-249_1,smt-36,check,0,false
FASTJSON-39_1,smt-18,check,3,false
GUAVA-78_1,smt-90,check,0,false
GUAVA-260_1,smt-227,solve,17,UNSAT
GUAVA-260_1,smt-227,update,1,
FASTJSON-79_1,smt-89,solve,16,UNSAT
GUAVA-249_1,smt-36,solve,6,SAT
FASTJSON-79_1,smt-89,update,2,
GUAVA-249_1,smt-38,check,0,false
GUAVA-260_1,smt-361,check,5,false
FASTJSON-79_1,smt-53,check,2,true
FASTJSON-79_1,smt-7,check,2,false
GUAVA-249_1,smt-38,solve,8,SAT
GUAVA-249_1,smt-45,check,0,false
GUAVA-249_1,smt-45,solve,9,SAT
GUAVA-249_1,smt-25,check,0,false
GUAVA-260_1,smt-361,solve,16,UNSAT
GUAVA-260_1,smt-361,update,1,
GUAVA-260_1,smt-271,check,1,false
GUAVA-249_1,smt-25,solve,14,SAT
GUAVA-249_1,smt-32,check,0,false
GUAVA-260_1,smt-271,solve,10,UNSAT
GUAVA-260_1,smt-271,update,7,
GUAVA-249_1,smt-32,solve,3,SAT
GUAVA-249_1,smt-43,check,0,false
FASTJSON-79_1,smt-7,solve,22,UNSAT
GUAVA-260_1,smt-362,check,0,false
FASTJSON-79_1,smt-7,update,1,
GUAVA-78_1,smt-90,solve,110,SAT
FASTJSON-79_1,smt-27,check,5,true
GUAVA-249_1,smt-43,solve,7,SAT
FASTJSON-79_1,smt-75,check,0,true
GUAVA-249_1,smt-47,check,0,false
FASTJSON-79_1,smt-67,check,0,true
FASTJSON-79_1,smt-88,check,0,true
GUAVA-78_1,smt-37,check,0,false
FASTJSON-79_1,smt-48,check,0,true
FASTJSON-79_1,smt-18,check,3,true
GUAVA-260_1,smt-362,solve,11,UNSAT
GUAVA-260_1,smt-362,update,2,
FASTJSON-79_1,smt-92,check,1,true
GUAVA-249_1,smt-47,solve,12,SAT
FASTJSON-79_1,smt-100,check,1,true
GUAVA-260_1,smt-394,check,1,false
GUAVA-249_1,smt-30,check,0,false
FASTJSON-79_1,smt-59,check,0,true
FASTJSON-79_1,smt-42,check,1,true
FASTJSON-79_1,smt-82,check,2,true
FASTJSON-79_1,smt-4,check,0,false
FASTJSON-79_1,smt-4,solve,10,SAT
GUAVA-249_1,smt-30,solve,12,SAT
GUAVA-249_1,smt-40,check,0,false
FASTJSON-79_1,smt-66,check,6,true
FASTJSON-79_1,smt-85,check,0,true
FASTJSON-79_1,smt-104,check,1,true
FASTJSON-79_1,smt-24,check,1,true
FASTJSON-79_1,smt-36,check,1,true
FASTJSON-79_1,smt-76,check,0,true
FASTJSON-79_1,smt-97,check,0,true
FASTJSON-79_1,smt-60,check,1,true
FASTJSON-79_1,smt-38,check,1,true
GUAVA-260_1,smt-394,solve,27,SAT
FASTJSON-79_1,smt-45,check,0,true
GUAVA-260_1,smt-90,check,1,false
GUAVA-249_1,smt-40,solve,58,SAT
FASTJSON-79_1,smt-64,check,5,true
FASTJSON-79_1,smt-25,check,0,true
GUAVA-249_1,smt-20,check,0,false
FASTJSON-79_1,smt-32,check,0,true
FASTJSON-79_1,smt-99,check,0,true
FASTJSON-79_1,smt-43,check,0,false
GUAVA-260_1,smt-90,solve,5,UNSAT
GUAVA-260_1,smt-90,update,0,
GUAVA-249_1,smt-20,solve,6,SAT
FASTJSON-79_1,smt-43,solve,3,UNSAT
FASTJSON-79_1,smt-43,update,0,
GUAVA-249_1,smt-3,check,0,false
GUAVA-260_1,smt-220,check,1,false
FASTJSON-79_1,smt-47,check,0,true
GUAVA-78_1,smt-37,solve,283,SAT
FASTJSON-79_1,smt-101,check,0,true
GUAVA-249_1,smt-3,solve,5,SAT
FASTJSON-79_1,smt-30,check,0,true
GUAVA-249_1,smt-10,check,0,false
FASTJSON-79_1,smt-40,check,0,true
FASTJSON-79_1,smt-111,check,0,true
GUAVA-249_1,smt-10,solve,3,UNSAT
GUAVA-249_1,smt-10,update,2,
FASTJSON-79_1,smt-20,check,0,true
FASTJSON-79_1,smt-74,check,0,true
GUAVA-249_1,smt-49,check,0,false
GUAVA-78_1,smt-1,check,0,false
FASTJSON-79_1,smt-69,check,0,true
FASTJSON-79_1,smt-3,check,0,false
GUAVA-78_1,smt-1,solve,6,SAT
GUAVA-249_1,smt-49,solve,6,SAT
GUAVA-249_1,smt-13,check,0,false
FASTJSON-79_1,smt-3,solve,8,UNSAT
GUAVA-249_1,smt-13,solve,5,SAT
FASTJSON-79_1,smt-3,update,1,
GUAVA-249_1,smt-17,check,0,false
FASTJSON-79_1,smt-81,check,0,true
FASTJSON-79_1,smt-10,check,1,true
GUAVA-249_1,smt-17,solve,3,SAT
FASTJSON-79_1,smt-49,check,0,true
GUAVA-249_1,smt-21,check,0,false
FASTJSON-79_1,smt-83,check,0,true
GUAVA-260_1,smt-220,solve,37,SAT
FASTJSON-79_1,smt-13,check,0,true
GUAVA-78_1,smt-142,check,0,false
FASTJSON-79_1,smt-102,check,0,true
GUAVA-260_1,smt-305,check,1,false
FASTJSON-79_1,smt-17,check,0,true
FASTJSON-79_1,smt-21,check,0,true
GUAVA-249_1,smt-21,solve,6,SAT
GUAVA-249_1,smt-51,check,0,false
FASTJSON-79_1,smt-58,check,0,true
FASTJSON-79_1,smt-51,check,0,true
FASTJSON-79_1,smt-71,check,0,true
GUAVA-249_1,smt-51,solve,4,SAT
FASTJSON-79_1,smt-26,check,0,true
GUAVA-249_1,smt-26,check,0,false
FASTJSON-79_1,smt-110,check,0,true
FASTJSON-79_1,smt-52,check,0,true
FASTJSON-79_1,smt-39,check,0,true
GUAVA-249_1,smt-26,solve,5,SAT
GUAVA-249_1,smt-52,check,0,false
FASTJSON-79_1,smt-46,check,0,true
FASTJSON-79_1,smt-2,check,3,true
SPOON-151_1,smt-1121,solve,1756,UNSAT
GUAVA-260_1,smt-305,solve,16,UNSAT
GUAVA-260_1,smt-305,update,1,
FASTJSON-79_1,smt-79,check,0,true
FASTJSON-79_1,smt-8,check,0,true
SPOON-151_1,smt-1121,update,24,
GUAVA-260_1,smt-191,check,0,false
FASTJSON-79_1,smt-19,check,1,true
GUAVA-249_1,smt-52,solve,10,SAT
FASTJSON-79_1,smt-95,check,0,true
GUAVA-249_1,smt-39,check,0,false
FASTJSON-79_1,smt-84,check,0,true
FASTJSON-79_1,smt-78,check,1,true
SPOON-151_1,smt-57,check,0,false
FASTJSON-79_1,smt-80,check,5,true
FASTJSON-79_1,smt-33,check,0,true
GUAVA-260_1,smt-191,solve,15,UNSAT
FASTJSON-79_1,smt-73,check,0,true
GUAVA-260_1,smt-191,update,1,
GUAVA-260_1,smt-37,check,0,false
GUAVA-249_1,smt-39,solve,8,SAT
FASTJSON-79_1,smt-105,check,0,true
FASTJSON-79_1,smt-107,check,0,true
GUAVA-249_1,smt-46,check,0,false
FASTJSON-79_1,smt-93,check,0,true
FASTJSON-79_1,smt-70,check,0,true
FASTJSON-79_1,smt-96,check,0,true
GUAVA-249_1,smt-46,solve,3,SAT
GUAVA-260_1,smt-37,solve,3,UNSAT
FASTJSON-79_1,smt-91,check,1,true
GUAVA-260_1,smt-37,update,6,
GUAVA-249_1,smt-2,check,0,false
FASTJSON-79_1,smt-35,check,0,true
GUAVA-260_1,smt-1,check,0,false
FASTJSON-79_1,smt-98,check,0,true
GUAVA-249_1,smt-2,solve,4,SAT
FASTJSON-79_1,smt-56,check,0,true
GUAVA-249_1,smt-8,check,0,false
FASTJSON-79_1,smt-28,check,0,true
FASTJSON-79_1,smt-34,check,0,true
GUAVA-249_1,smt-8,solve,4,SAT
FASTJSON-79_1,smt-68,check,0,true
FASTJSON-79_1,smt-11,check,0,true
GUAVA-249_1,smt-19,check,0,false
FASTJSON-79_1,smt-50,check,0,true
FASTJSON-79_1,smt-44,check,0,true
FASTJSON-79_1,smt-16,check,0,true
FASTJSON-79_1,smt-94,check,0,true
GUAVA-260_1,smt-1,solve,35,UNSAT
GUAVA-260_1,smt-1,update,0,
FASTJSON-79_1,smt-9,check,1,true
GUAVA-260_1,smt-142,check,0,false
GUAVA-249_1,smt-19,solve,8,SAT
FASTJSON-79_1,smt-12,check,0,true
SPOON-151_1,smt-57,solve,29,UNSAT
SPOON-151_1,smt-57,update,1,
GUAVA-249_1,smt-33,check,0,false
FASTJSON-79_1,smt-61,check,0,true
FASTJSON-79_1,smt-108,check,0,true
FASTJSON-79_1,smt-22,check,0,true
GUAVA-260_1,smt-142,solve,4,SAT
GUAVA-249_1,smt-33,solve,4,SAT
FASTJSON-79_1,smt-62,check,0,true
GUAVA-260_1,smt-162,check,0,false
GUAVA-249_1,smt-35,check,0,false
FASTJSON-79_1,smt-63,check,0,true
SPOON-151_1,smt-804,check,1,false
FASTJSON-79_1,smt-41,check,0,true
GUAVA-249_1,smt-35,solve,3,SAT
FASTJSON-79_1,smt-72,check,0,true
GUAVA-249_1,smt-56,check,0,false
GUAVA-260_1,smt-162,solve,6,SAT
FASTJSON-79_1,smt-112,check,0,true
FASTJSON-79_1,smt-6,check,0,true
FASTJSON-79_1,smt-103,check,0,true
GUAVA-260_1,smt-474,check,2,true
GUAVA-260_1,smt-87,check,0,true
GUAVA-249_1,smt-56,solve,4,SAT
FASTJSON-79_1,smt-29,check,0,true
GUAVA-260_1,smt-386,check,0,false
FASTJSON-79_1,smt-5,check,0,true
GUAVA-249_1,smt-28,check,0,false
FASTJSON-79_1,smt-86,check,0,true
FASTJSON-79_1,smt-106,check,0,true
GUAVA-260_1,smt-386,solve,4,UNSAT
GUAVA-260_1,smt-386,update,1,
GUAVA-249_1,smt-28,solve,5,SAT
FASTJSON-79_1,smt-15,check,0,true
FASTJSON-79_1,smt-14,check,0,true
GUAVA-249_1,smt-34,check,0,false
GUAVA-260_1,smt-412,check,0,false
FASTJSON-79_1,smt-65,check,0,true
FASTJSON-79_1,smt-113,check,0,true
FASTJSON-79_1,smt-54,check,0,true
FASTJSON-79_1,smt-55,check,0,true
GUAVA-249_1,smt-34,solve,7,SAT
FASTJSON-79_1,smt-109,check,0,true
GUAVA-249_1,smt-11,check,3,false
FASTJSON-79_1,smt-23,check,0,true
FASTJSON-79_1,smt-77,check,0,true
FASTJSON-104_1,smt-57,check,0,false
GUAVA-249_1,smt-11,solve,9,SAT
GUAVA-260_1,smt-412,solve,15,UNSAT
GUAVA-260_1,smt-412,update,0,
GUAVA-249_1,smt-50,check,0,false
GUAVA-260_1,smt-158,check,0,false
GUAVA-249_1,smt-50,solve,5,SAT
GUAVA-249_1,smt-44,check,0,false
GUAVA-260_1,smt-158,solve,7,UNSAT
GUAVA-260_1,smt-158,update,0,
GUAVA-260_1,smt-392,check,1,false
GUAVA-249_1,smt-44,solve,16,SAT
GUAVA-249_1,smt-16,check,0,false
GUAVA-249_1,smt-16,solve,5,SAT
GUAVA-249_1,smt-9,check,0,false
GUAVA-249_1,smt-9,solve,6,SAT
GUAVA-249_1,smt-12,check,0,false
GUAVA-260_1,smt-392,solve,31,UNSAT
GUAVA-260_1,smt-392,update,1,
GUAVA-260_1,smt-264,check,1,false
GUAVA-249_1,smt-12,solve,3,SAT
GUAVA-249_1,smt-22,check,0,false
GUAVA-249_1,smt-22,solve,3,SAT
GUAVA-249_1,smt-41,check,0,false
SPOON-151_1,smt-804,solve,102,UNSAT
GUAVA-249_1,smt-41,solve,6,SAT
SPOON-151_1,smt-804,update,0,
GUAVA-249_1,smt-6,check,0,false
GUAVA-260_1,smt-264,solve,12,UNSAT
GUAVA-260_1,smt-264,update,0,
GUAVA-260_1,smt-237,check,0,false
GUAVA-249_1,smt-6,solve,5,SAT
GUAVA-249_1,smt-29,check,0,false
SPOON-151_1,smt-931,check,0,false
GUAVA-249_1,smt-29,solve,4,SAT
GUAVA-249_1,smt-5,check,0,false
GUAVA-260_1,smt-237,solve,7,UNSAT
GUAVA-260_1,smt-237,update,0,
GUAVA-249_1,smt-5,solve,2,SAT
GUAVA-249_1,smt-15,check,0,false
GUAVA-260_1,smt-282,check,9,false
GUAVA-249_1,smt-15,solve,9,SAT
GUAVA-249_1,smt-14,check,0,false
GUAVA-249_1,smt-14,solve,5,SAT
GUAVA-260_1,smt-282,solve,23,SAT
GUAVA-260_1,smt-325,check,0,false
GUAVA-260_1,smt-325,solve,11,SAT
GUAVA-260_1,smt-323,check,1,true
GUAVA-260_1,smt-266,check,1,false
SPOON-151_1,smt-931,solve,66,UNSAT
SPOON-151_1,smt-931,update,1,
GUAVA-260_1,smt-266,solve,10,UNSAT
GUAVA-260_1,smt-266,update,0,
GUAVA-260_1,smt-395,check,0,false
SPOON-151_1,smt-311,check,0,false
GUAVA-260_1,smt-395,solve,11,SAT
GUAVA-260_1,smt-270,check,1,false
GUAVA-260_1,smt-270,solve,16,UNSAT
GUAVA-260_1,smt-270,update,0,
GUAVA-260_1,smt-31,check,0,false
GUAVA-260_1,smt-31,solve,4,SAT
GUAVA-260_1,smt-89,check,0,false
GUAVA-249_1,smt-54,check,4,false
GUAVA-260_1,smt-89,solve,9,SAT
GUAVA-260_1,smt-53,check,0,false
SPOON-163_1,smt-27,solve,1811,SAT
GUAVA-260_1,smt-53,solve,9,SAT
SPOON-163_1,smt-18,check,0,false
GUAVA-260_1,smt-7,check,0,false
GUAVA-260_1,smt-7,solve,4,SAT
SPOON-151_1,smt-311,solve,110,UNSAT
SPOON-151_1,smt-311,update,0,
SPOON-163_1,smt-18,solve,5,UNSAT
GUAVA-260_1,smt-379,check,1,false
SPOON-163_1,smt-18,update,26,
SPOON-163_1,smt-4,check,0,false
SPOON-151_1,smt-173,check,3,true
SPOON-151_1,smt-887,check,0,false
SPOON-163_1,smt-4,solve,4,SAT
SPOON-163_1,smt-24,check,0,false
SPOON-163_1,smt-24,solve,6,SAT
FASTJSON-104_1,smt-57,solve,1322,SAT
FASTJSON-104_1,smt-90,check,0,false
GUAVA-260_1,smt-379,solve,70,UNSAT
GUAVA-260_1,smt-379,update,0,
GUAVA-260_1,smt-202,check,0,false
SPOON-151_1,smt-887,solve,41,UNSAT
SPOON-151_1,smt-887,update,0,
GUAVA-260_1,smt-202,solve,9,SAT
GUAVA-260_1,smt-27,check,0,false
SPOON-151_1,smt-825,check,1,false
GUAVA-260_1,smt-27,solve,5,SAT
GUAVA-260_1,smt-312,check,0,false
GUAVA-260_1,smt-312,solve,7,SAT
GUAVA-260_1,smt-281,check,3,false
SPOON-163_1,smt-25,check,4,false
GUAVA-260_1,smt-281,solve,21,UNSAT
GUAVA-260_1,smt-281,update,0,
GUAVA-260_1,smt-464,check,0,false
SPOON-151_1,smt-825,solve,75,UNSAT
SPOON-151_1,smt-825,update,1,
GUAVA-260_1,smt-464,solve,5,SAT
GUAVA-260_1,smt-75,check,0,false
SPOON-151_1,smt-225,check,0,false
GUAVA-260_1,smt-75,solve,17,SAT
GUAVA-260_1,smt-67,check,2,false
GUAVA-260_1,smt-67,solve,7,SAT
GUAVA-260_1,smt-411,check,0,false
SPOON-151_1,smt-225,solve,44,UNSAT
SPOON-151_1,smt-225,update,0,
GUAVA-260_1,smt-411,solve,14,SAT
GUAVA-260_1,smt-280,check,0,false
SPOON-151_1,smt-795,check,2,false
GUAVA-260_1,smt-280,solve,10,UNSAT
GUAVA-260_1,smt-280,update,0,
GUAVA-260_1,smt-147,check,0,false
GUAVA-6_1,smt-57,solve,5008,UNKNOWN
GUAVA-260_1,smt-147,solve,6,SAT
GUAVA-260_1,smt-88,check,0,false
GUAVA-6_1,smt-90,check,1,false
GUAVA-260_1,smt-88,solve,22,SAT
GUAVA-260_1,smt-297,check,3,false
GUAVA-6_1,smt-90,solve,102,SAT
GUAVA-6_1,smt-37,check,1,false
GUAVA-260_1,smt-297,solve,25,SAT
GUAVA-260_1,smt-167,check,0,false
GUAVA-260_1,smt-167,solve,8,SAT
GUAVA-260_1,smt-333,check,0,false
GUAVA-6_1,smt-37,solve,88,SAT
GUAVA-260_1,smt-333,solve,17,UNSAT
GUAVA-260_1,smt-333,update,0,
GUAVA-260_1,smt-287,check,0,false
GUAVA-6_1,smt-1,check,0,false
GUAVA-260_1,smt-287,solve,7,SAT
GUAVA-260_1,smt-326,check,0,false
GUAVA-260_1,smt-326,solve,10,UNSAT
GUAVA-260_1,smt-326,update,21,
GUAVA-260_1,smt-150,check,1,true
GUAVA-260_1,smt-250,check,0,false
GUAVA-260_1,smt-250,solve,7,UNSAT
GUAVA-260_1,smt-250,update,1,
GUAVA-260_1,smt-48,check,0,false
GUAVA-260_1,smt-48,solve,6,SAT
GUAVA-260_1,smt-18,check,0,true
GUAVA-260_1,smt-92,check,0,false
GUAVA-260_1,smt-92,solve,8,SAT
GUAVA-260_1,smt-420,check,0,false
SPOON-151_1,smt-795,solve,296,UNSAT
SPOON-151_1,smt-795,update,1,
GUAVA-260_1,smt-420,solve,10,SAT
GUAVA-260_1,smt-100,check,0,false
GUAVA-260_1,smt-100,solve,9,SAT
SPOON-151_1,smt-1173,check,2,true
GUAVA-260_1,smt-230,check,0,false
SPOON-151_1,smt-952,check,0,true
SPOON-151_1,smt-908,check,0,true
SPOON-151_1,smt-227,check,0,false
GUAVA-260_1,smt-230,solve,9,UNSAT
GUAVA-260_1,smt-230,update,0,
GUAVA-260_1,smt-465,check,0,true
GUAVA-260_1,smt-174,check,0,false
GUAVA-260_1,smt-174,solve,4,UNSAT
GUAVA-260_1,smt-174,update,0,
GUAVA-260_1,smt-329,check,0,false
GUAVA-260_1,smt-329,solve,7,SAT
GUAVA-260_1,smt-439,check,0,false
SPOON-151_1,smt-227,solve,26,UNSAT
SPOON-151_1,smt-227,update,0,
GUAVA-260_1,smt-439,solve,12,SAT
GUAVA-260_1,smt-59,check,0,false
SPOON-151_1,smt-560,check,1,true
SPOON-151_1,smt-361,check,0,false
GUAVA-260_1,smt-59,solve,6,UNSAT
GUAVA-260_1,smt-59,update,0,
FASTJSON-104_1,smt-90,solve,2359,SAT
GUAVA-260_1,smt-141,check,0,true
GUAVA-260_1,smt-42,check,0,false
FASTJSON-39_1,smt-18,solve,5003,UNKNOWN
GUAVA-260_1,smt-42,solve,44,SAT
SPOON-151_1,smt-361,solve,24,UNSAT
SPOON-151_1,smt-361,update,0,
GUAVA-260_1,smt-82,check,0,false
GUAVA-260_1,smt-82,solve,5,SAT
SPOON-151_1,smt-730,check,1,true
GUAVA-260_1,smt-370,check,0,false
FASTJSON-39_1,smt-4,check,0,false
SPOON-151_1,smt-622,check,2,true
FASTJSON-104_1,smt-37,check,0,false
SPOON-151_1,smt-935,check,0,false
FASTJSON-104_1,smt-37,solve,3,UNSAT
FASTJSON-104_1,smt-37,update,0,
FASTJSON-104_1,smt-1,check,0,false
GUAVA-260_1,smt-370,solve,17,UNSAT
GUAVA-260_1,smt-370,update,0,
FASTJSON-104_1,smt-1,solve,3,SAT
GUAVA-260_1,smt-4,check,0,false
GUAVA-260_1,smt-4,solve,3,SAT
FASTJSON-39_1,smt-4,solve,29,UNSAT
FASTJSON-39_1,smt-4,update,0,
FASTJSON-104_1,smt-87,check,0,false
GUAVA-260_1,smt-319,check,0,false
FASTJSON-39_1,smt-24,check,0,false
FASTJSON-39_1,smt-24,solve,5,SAT
FASTJSON-39_1,smt-36,check,0,false
GUAVA-260_1,smt-319,solve,15,SAT
GUAVA-260_1,smt-171,check,0,false
FASTJSON-39_1,smt-36,solve,6,SAT
FASTJSON-39_1,smt-38,check,2,false
GUAVA-260_1,smt-171,solve,17,SAT
GUAVA-260_1,smt-234,check,0,false
GUAVA-78_1,smt-142,solve,5002,UNKNOWN
GUAVA-260_1,smt-234,solve,6,SAT
GUAVA-260_1,smt-66,check,0,false
SPOON-151_1,smt-935,solve,161,UNSAT
SPOON-151_1,smt-935,update,1,
GUAVA-260_1,smt-66,solve,21,SAT
GUAVA-260_1,smt-120,check,0,false
SPOON-151_1,smt-271,check,0,true
SPOON-151_1,smt-731,check,0,true
SPOON-151_1,smt-1081,check,2,false
GUAVA-260_1,smt-120,solve,8,SAT
GUAVA-260_1,smt-121,check,0,false
GUAVA-260_1,smt-121,solve,9,SAT
GUAVA-260_1,smt-360,check,0,true
GUAVA-260_1,smt-353,check,0,false
GUAVA-260_1,smt-353,solve,8,SAT
GUAVA-260_1,smt-256,check,1,false
GUAVA-260_1,smt-256,solve,8,UNSAT
GUAVA-260_1,smt-256,update,0,
GUAVA-260_1,smt-268,check,1,false
GUAVA-78_1,smt-162,check,0,false
GUAVA-260_1,smt-268,solve,26,SAT
GUAVA-260_1,smt-85,check,0,false
GUAVA-260_1,smt-85,solve,6,SAT
GUAVA-260_1,smt-426,check,0,false
GUAVA-260_1,smt-426,solve,10,UNSAT
GUAVA-260_1,smt-426,update,0,
GUAVA-260_1,smt-458,check,0,false
GUAVA-260_1,smt-458,solve,16,UNSAT
GUAVA-260_1,smt-458,update,0,
GUAVA-260_1,smt-331,check,0,false
SPOON-151_1,smt-1081,solve,207,UNSAT
SPOON-151_1,smt-1081,update,0,
GUAVA-260_1,smt-331,solve,14,SAT
GUAVA-260_1,smt-289,check,0,false
GUAVA-260_1,smt-289,solve,8,UNSAT
SPOON-151_1,smt-1001,check,0,true
GUAVA-260_1,smt-289,update,2,
FASTJSON-39_1,smt-38,solve,957,SAT
SPOON-151_1,smt-517,check,0,false
GUAVA-260_1,smt-363,check,1,false
GUAVA-260_1,smt-363,solve,9,SAT
GUAVA-260_1,smt-104,check,0,false
GUAVA-260_1,smt-104,solve,3,SAT
GUAVA-260_1,smt-218,check,0,false
FASTJSON-39_1,smt-25,check,0,false
GUAVA-260_1,smt-218,solve,12,SAT
GUAVA-260_1,smt-183,check,0,false
GUAVA-260_1,smt-183,solve,10,SAT
GUAVA-260_1,smt-460,check,0,false
GUAVA-260_1,smt-460,solve,5,SAT
GUAVA-260_1,smt-327,check,0,false
GUAVA-260_1,smt-327,solve,15,SAT
GUAVA-260_1,smt-332,check,0,false
FASTJSON-39_1,smt-25,solve,81,UNSAT
FASTJSON-39_1,smt-25,update,0,
GUAVA-260_1,smt-332,solve,8,UNSAT
FASTJSON-39_1,smt-32,check,0,false
GUAVA-260_1,smt-332,update,0,
GUAVA-260_1,smt-199,check,0,false
GUAVA-260_1,smt-199,solve,10,SAT
GUAVA-260_1,smt-313,check,0,false
GUAVA-260_1,smt-313,solve,5,UNSAT
GUAVA-260_1,smt-313,update,0,
GUAVA-260_1,smt-127,check,0,false
GUAVA-260_1,smt-127,solve,4,UNSAT
GUAVA-260_1,smt-127,update,0,
GUAVA-260_1,smt-469,check,0,false
GUAVA-260_1,smt-469,solve,6,UNSAT
GUAVA-260_1,smt-469,update,0,
GUAVA-260_1,smt-391,check,1,false
GUAVA-260_1,smt-391,solve,54,UNSAT
GUAVA-260_1,smt-391,update,0,
GUAVA-260_1,smt-468,check,1,false
GUAVA-260_1,smt-468,solve,13,UNSAT
GUAVA-260_1,smt-468,update,0,
GUAVA-260_1,smt-24,check,0,false
GUAVA-260_1,smt-24,solve,3,SAT
GUAVA-260_1,smt-36,check,0,false
GUAVA-260_1,smt-36,solve,4,SAT
GUAVA-260_1,smt-207,check,1,false
GUAVA-260_1,smt-207,solve,12,UNSAT
GUAVA-260_1,smt-207,update,0,
GUAVA-260_1,smt-419,check,0,false
GUAVA-260_1,smt-419,solve,7,UNSAT
GUAVA-260_1,smt-419,update,0,
SPOON-151_1,smt-517,solve,860,SAT
GUAVA-260_1,smt-76,check,0,false
GUAVA-260_1,smt-76,solve,9,SAT
GUAVA-260_1,smt-315,check,1,false
SPOON-151_1,smt-997,check,1,true
SPOON-151_1,smt-900,check,1,true
SPOON-151_1,smt-1036,check,0,false
GUAVA-260_1,smt-315,solve,16,UNSAT
GUAVA-260_1,smt-315,update,0,
GUAVA-260_1,smt-345,check,0,false
FASTJSON-39_1,smt-32,solve,822,SAT
GUAVA-260_1,smt-345,solve,11,UNSAT
GUAVA-260_1,smt-345,update,0,
GUAVA-260_1,smt-472,check,0,false
SPOON-151_1,smt-1036,solve,35,UNSAT
SPOON-151_1,smt-1036,update,0,
GUAVA-260_1,smt-472,solve,4,UNSAT
SPOON-151_1,smt-362,check,0,true
GUAVA-260_1,smt-472,update,0,
GUAVA-260_1,smt-97,check,0,false
SPOON-151_1,smt-394,check,0,false
FASTJSON-39_1,smt-30,check,0,false
GUAVA-260_1,smt-97,solve,6,SAT
GUAVA-260_1,smt-337,check,1,false
GUAVA-260_1,smt-337,solve,32,SAT
GUAVA-260_1,smt-128,check,0,true
GUAVA-260_1,smt-134,check,0,false
GUAVA-260_1,smt-134,solve,5,UNSAT
GUAVA-260_1,smt-134,update,1,
GUAVA-260_1,smt-216,check,0,false
GUAVA-260_1,smt-216,solve,12,UNSAT
GUAVA-260_1,smt-216,update,0,
GUAVA-260_1,smt-365,check,0,true
SPOON-151_1,smt-394,solve,88,UNSAT
SPOON-151_1,smt-394,update,0,
SPOON-151_1,smt-1086,check,0,false
SPOON-151_1,smt-1086,solve,53,UNSAT
SPOON-151_1,smt-1086,update,0,
SPOON-151_1,smt-1008,check,0,true
SPOON-151_1,smt-90,check,0,false
GUAVA-78_1,smt-162,solve,2606,UNSAT
GUAVA-78_1,smt-162,update,0,
SPOON-151_1,smt-90,solve,36,UNSAT
SPOON-151_1,smt-90,update,0,
SPOON-151_1,smt-769,check,1,false
FASTJSON-39_1,smt-30,solve,864,SAT
GUAVA-78_1,smt-87,check,0,false
FASTJSON-39_1,smt-40,check,0,false
GUAVA-78_1,smt-87,solve,91,SAT
GUAVA-78_1,smt-158,check,0,false
SPOON-151_1,smt-769,solve,146,UNSAT
SPOON-151_1,smt-769,update,0,
GUAVA-6_1,smt-1,solve,5003,UNKNOWN
SPOON-151_1,smt-220,check,0,true
SPOON-151_1,smt-500,check,0,false
GUAVA-6_1,smt-87,check,0,false
SPOON-151_1,smt-500,solve,46,UNSAT
SPOON-151_1,smt-500,update,0,
GUAVA-6_1,smt-87,solve,113,SAT
SPOON-151_1,smt-305,check,0,true
SPOON-151_1,smt-745,check,0,true
GUAVA-6_1,smt-31,check,0,false
GUAVA-6_1,smt-31,solve,2,UNSAT
GUAVA-6_1,smt-31,update,0,
SPOON-151_1,smt-586,check,0,true
SPOON-151_1,smt-1148,check,0,false
GUAVA-6_1,smt-89,check,0,false
GUAVA-260_1,smt-477,check,444,false
FASTJSON-39_1,smt-40,solve,682,SAT
GUAVA-78_1,smt-158,solve,609,UNSAT
GUAVA-78_1,smt-158,update,0,
FASTJSON-39_1,smt-20,check,0,false
FASTJSON-39_1,smt-20,solve,3,SAT
FASTJSON-39_1,smt-3,check,0,false
GUAVA-78_1,smt-31,check,0,false
GUAVA-78_1,smt-31,solve,2,SAT
GUAVA-78_1,smt-89,check,0,false
GUAVA-78_1,smt-89,solve,116,SAT
SPOON-151_1,smt-1148,solve,563,SAT
GUAVA-78_1,smt-53,check,0,false
SPOON-151_1,smt-191,check,0,true
SPOON-151_1,smt-713,check,0,true
SPOON-151_1,smt-499,check,0,true
SPOON-151_1,smt-1048,check,0,false
GUAVA-78_1,smt-53,solve,154,SAT
GUAVA-78_1,smt-7,check,0,false
GUAVA-78_1,smt-7,solve,96,UNSAT
GUAVA-78_1,smt-7,update,0,
FASTJSON-39_1,smt-3,solve,641,SAT
GUAVA-78_1,smt-27,check,0,false
FASTJSON-104_1,smt-87,solve,5003,UNKNOWN
FASTJSON-39_1,smt-10,check,0,false
FASTJSON-104_1,smt-31,check,0,false
FASTJSON-104_1,smt-31,solve,3,SAT
FASTJSON-104_1,smt-89,check,0,false
GUAVA-78_1,smt-27,solve,143,UNSAT
GUAVA-78_1,smt-27,update,0,
GUAVA-78_1,smt-75,check,0,false
GUAVA-78_1,smt-75,solve,62,SAT
GUAVA-78_1,smt-67,check,0,false
GUAVA-78_1,smt-67,solve,30,UNSAT
GUAVA-78_1,smt-67,update,0,
GUAVA-78_1,smt-147,check,0,false
FASTJSON-104_1,smt-89,solve,110,UNSAT
FASTJSON-104_1,smt-89,update,0,
FASTJSON-104_1,smt-53,check,0,false
FASTJSON-39_1,smt-10,solve,715,SAT
SPOON-151_1,smt-1048,solve,1100,SAT
FASTJSON-39_1,smt-13,check,0,false
FASTJSON-39_1,smt-13,solve,3,SAT
SPOON-151_1,smt-1007,check,0,true
FASTJSON-39_1,smt-17,check,0,false
SPOON-151_1,smt-1111,check,0,true
SPOON-151_1,smt-37,check,0,false
SPOON-151_1,smt-37,solve,484,SAT
SPOON-151_1,smt-856,check,3,true
SPOON-151_1,smt-696,check,1,false
FASTJSON-39_1,smt-17,solve,680,SAT
FASTJSON-104_1,smt-53,solve,1118,SAT
FASTJSON-39_1,smt-21,check,0,false
SPOON-151_1,smt-696,solve,56,UNSAT
SPOON-151_1,smt-696,update,0,
SPOON-151_1,smt-1123,check,0,true
SPOON-151_1,smt-1,check,0,false
SPOON-151_1,smt-1,solve,4,SAT
SPOON-151_1,smt-650,check,0,true
SPOON-151_1,smt-1033,check,0,true
FASTJSON-104_1,smt-7,check,0,false
SPOON-151_1,smt-142,check,0,false
FASTJSON-104_1,smt-7,solve,3,SAT
FASTJSON-104_1,smt-27,check,0,false
FASTJSON-104_1,smt-27,solve,4,SAT
FASTJSON-104_1,smt-75,check,0,false
FASTJSON-104_1,smt-75,solve,3,SAT
FASTJSON-104_1,smt-67,check,0,false
SPOON-151_1,smt-142,solve,61,UNSAT
SPOON-151_1,smt-142,update,0,
SPOON-151_1,smt-765,check,0,true
SPOON-151_1,smt-162,check,0,false
SPOON-151_1,smt-162,solve,43,UNSAT
SPOON-151_1,smt-162,update,0,
SPOON-151_1,smt-474,check,1,true
SPOON-151_1,smt-87,check,0,true
SPOON-151_1,smt-909,check,1,false
FASTJSON-39_1,smt-21,solve,683,SAT
SPOON-151_1,smt-909,solve,37,UNSAT
SPOON-151_1,smt-909,update,0,
SPOON-163_1,smt-25,solve,5010,UNKNOWN
SPOON-151_1,smt-1127,check,1,false
FASTJSON-39_1,smt-26,check,0,false
GUAVA-78_1,smt-147,solve,2203,UNSAT
GUAVA-78_1,smt-147,update,0,
SPOON-151_1,smt-1127,solve,110,UNSAT
SPOON-151_1,smt-1127,update,1,
SPOON-163_1,smt-20,check,0,true
SPOON-163_1,smt-3,check,0,false
SPOON-151_1,smt-386,check,0,true
SPOON-163_1,smt-3,solve,5,SAT
SPOON-151_1,smt-1058,check,0,true
SPOON-151_1,smt-708,check,0,false
SPOON-163_1,smt-10,check,0,false
SPOON-163_1,smt-10,solve,104,SAT
SPOON-163_1,smt-13,check,0,false
SPOON-163_1,smt-13,solve,3,SAT
GUAVA-78_1,smt-88,check,0,false
FASTJSON-104_1,smt-67,solve,1155,SAT
GUAVA-78_1,smt-88,solve,71,SAT
FASTJSON-39_1,smt-26,solve,618,SAT
FASTJSON-104_1,smt-88,check,0,false
FASTJSON-39_1,smt-39,check,0,false
FASTJSON-39_1,smt-39,solve,5,UNSAT
FASTJSON-39_1,smt-39,update,0,
FASTJSON-39_1,smt-2,check,0,false
FASTJSON-39_1,smt-2,solve,3,SAT
FASTJSON-39_1,smt-8,check,0,false
GUAVA-78_1,smt-167,check,1,false
GUAVA-249_1,smt-54,solve,5016,UNKNOWN
FASTJSON-39_1,smt-8,solve,3,UNSAT
FASTJSON-39_1,smt-8,update,0,
FASTJSON-39_1,smt-19,check,0,false
SPOON-151_1,smt-708,solve,641,SAT
SPOON-151_1,smt-1043,check,0,true
SPOON-151_1,smt-609,check,1,true
SPOON-151_1,smt-1177,check,0,false
SPOON-163_1,smt-17,check,3,false
SPOON-151_1,smt-1177,solve,54,UNSAT
SPOON-151_1,smt-1177,update,4,
GUAVA-6_1,smt-89,solve,5002,UNKNOWN
SPOON-151_1,smt-956,check,1,true
SPOON-151_1,smt-872,check,0,false
FASTJSON-39_1,smt-19,solve,833,SAT
GUAVA-6_1,smt-53,check,0,false
FASTJSON-39_1,smt-33,check,0,false
GUAVA-6_1,smt-53,solve,27,SAT
GUAVA-6_1,smt-7,check,0,false
GUAVA-6_1,smt-7,solve,5,SAT
GUAVA-6_1,smt-27,check,0,false
GUAVA-6_1,smt-27,solve,2,SAT
GUAVA-6_1,smt-75,check,0,false
SPOON-151_1,smt-872,solve,491,SAT
GUAVA-6_1,smt-75,solve,97,SAT
SPOON-151_1,smt-533,check,1,true
SPOON-151_1,smt-412,check,0,false
GUAVA-6_1,smt-67,check,0,false
GUAVA-6_1,smt-67,solve,4,SAT
GUAVA-6_1,smt-88,check,0,false
GUAVA-6_1,smt-88,solve,5,UNSAT
GUAVA-6_1,smt-88,update,0,
GUAVA-6_1,smt-48,check,0,false
GUAVA-6_1,smt-48,solve,3,SAT
GUAVA-6_1,smt-18,check,0,false
GUAVA-6_1,smt-18,solve,54,SAT
GUAVA-6_1,smt-92,check,0,false
GUAVA-249_1,smt-55,check,4,false
GUAVA-6_1,smt-92,solve,32,SAT
GUAVA-6_1,smt-100,check,0,false
GUAVA-6_1,smt-100,solve,5,UNSAT
GUAVA-6_1,smt-100,update,0,
GUAVA-6_1,smt-59,check,0,false
GUAVA-6_1,smt-59,solve,3,SAT
GUAVA-6_1,smt-42,check,0,false
GUAVA-6_1,smt-42,solve,3,SAT
GUAVA-6_1,smt-82,check,0,false
SPOON-151_1,smt-412,solve,624,SAT
SPOON-151_1,smt-581,check,0,false
SPOON-151_1,smt-581,solve,397,SAT
SPOON-151_1,smt-158,check,0,true
SPOON-151_1,smt-392,check,1,false
SPOON-151_1,smt-392,solve,30,UNSAT
SPOON-151_1,smt-392,update,0,
SPOON-151_1,smt-264,check,0,true
SPOON-151_1,smt-508,check,1,true
SPOON-151_1,smt-237,check,0,false
SPOON-151_1,smt-237,solve,33,UNSAT
SPOON-151_1,smt-237,update,0,
SPOON-151_1,smt-282,check,1,false
SPOON-151_1,smt-282,solve,31,UNSAT
SPOON-151_1,smt-282,update,0,
SPOON-151_1,smt-325,check,1,false
SPOON-151_1,smt-325,solve,419,SAT
SPOON-151_1,smt-489,check,1,true
SPOON-151_1,smt-1140,check,0,true
SPOON-151_1,smt-648,check,6,false
SPOON-151_1,smt-648,solve,120,UNSAT
SPOON-151_1,smt-648,update,0,
SPOON-151_1,smt-323,check,0,true
SPOON-151_1,smt-266,check,0,true
SPOON-151_1,smt-395,check,34,true
SPOON-151_1,smt-976,check,0,true
SPOON-151_1,smt-979,check,0,true
SPOON-151_1,smt-562,check,0,true
SPOON-151_1,smt-270,check,0,true
SPOON-151_1,smt-891,check,0,true
SPOON-151_1,smt-801,check,1,true
SPOON-151_1,smt-591,check,1,true
SPOON-151_1,smt-31,check,0,true
SPOON-151_1,smt-89,check,0,false
SPOON-151_1,smt-89,solve,29,UNSAT
SPOON-151_1,smt-89,update,0,
SPOON-151_1,smt-944,check,1,false
SPOON-151_1,smt-944,solve,35,UNSAT
SPOON-151_1,smt-944,update,0,
SPOON-151_1,smt-597,check,0,false
SPOON-151_1,smt-597,solve,17,UNSAT
SPOON-151_1,smt-597,update,0,
SPOON-151_1,smt-53,check,0,false
FASTJSON-104_1,smt-88,solve,5005,UNKNOWN
FASTJSON-104_1,smt-48,check,0,false
FASTJSON-104_1,smt-48,solve,2,UNSAT
FASTJSON-104_1,smt-48,update,0,
FASTJSON-104_1,smt-18,check,0,false
FASTJSON-104_1,smt-18,solve,2,UNSAT
FASTJSON-104_1,smt-18,update,0,
FASTJSON-104_1,smt-92,check,0,false
GUAVA-78_1,smt-167,solve,5003,UNKNOWN
SPOON-151_1,smt-53,solve,465,SAT
SPOON-151_1,smt-675,check,0,true
SPOON-151_1,smt-845,check,1,false
SPOON-151_1,smt-845,solve,40,UNSAT
SPOON-151_1,smt-845,update,0,
SPOON-151_1,smt-719,check,1,true
SPOON-151_1,smt-607,check,2,true
FASTJSON-39_1,smt-33,solve,4604,SAT
SPOON-151_1,smt-557,check,0,true
SPOON-151_1,smt-939,check,0,true
SPOON-151_1,smt-961,check,1,false
FASTJSON-39_1,smt-35,check,0,false
GUAVA-78_1,smt-150,check,0,false
SPOON-151_1,smt-961,solve,48,UNSAT
SPOON-151_1,smt-961,update,0,
SPOON-151_1,smt-7,check,0,false
SPOON-151_1,smt-7,solve,19,SAT
FASTJSON-39_1,smt-35,solve,46,UNSAT
FASTJSON-39_1,smt-35,update,0,
FASTJSON-39_1,smt-28,check,0,false
SPOON-151_1,smt-938,check,1,true
SPOON-151_1,smt-526,check,1,true
SPOON-151_1,smt-973,check,0,true
SPOON-151_1,smt-880,check,1,false
SPOON-151_1,smt-880,solve,391,SAT
SPOON-151_1,smt-892,check,0,true
SPOON-151_1,smt-1073,check,1,true
SPOON-151_1,smt-379,check,0,false
FASTJSON-39_1,smt-28,solve,714,SAT
FASTJSON-39_1,smt-34,check,0,false
FASTJSON-39_1,smt-34,solve,5,SAT
FASTJSON-39_1,smt-11,check,0,false
GUAVA-6_1,smt-82,solve,5210,UNKNOWN
GUAVA-78_1,smt-150,solve,1090,UNSAT
GUAVA-78_1,smt-150,update,0,
SPOON-151_1,smt-379,solve,514,SAT
SPOON-151_1,smt-202,check,0,true
SPOON-151_1,smt-27,check,0,true
SPOON-151_1,smt-312,check,0,true
SPOON-151_1,smt-488,check,1,false
GUAVA-78_1,smt-48,check,0,false
SPOON-151_1,smt-488,solve,79,UNSAT
SPOON-151_1,smt-488,update,0,
GUAVA-78_1,smt-48,solve,113,SAT
SPOON-151_1,smt-590,check,1,true
GUAVA-78_1,smt-18,check,0,false
GUAVA-78_1,smt-18,solve,3,SAT
SPOON-151_1,smt-1143,check,1,true
GUAVA-6_1,smt-4,check,0,false
SPOON-151_1,smt-281,check,0,true
GUAVA-78_1,smt-92,check,0,false
SPOON-151_1,smt-1042,check,0,true
SPOON-151_1,smt-464,check,1,true
SPOON-151_1,smt-75,check,0,true
SPOON-151_1,smt-1154,check,1,false
FASTJSON-39_1,smt-11,solve,934,SAT
FASTJSON-39_1,smt-16,check,0,false
FASTJSON-39_1,smt-16,solve,4,SAT
FASTJSON-39_1,smt-9,check,0,false
SPOON-151_1,smt-1154,solve,477,SAT
SPOON-151_1,smt-693,check,1,false
FASTJSON-39_1,smt-9,solve,669,SAT
FASTJSON-39_1,smt-12,check,0,false
FASTJSON-39_1,smt-12,solve,3,SAT
FASTJSON-39_1,smt-22,check,0,false
SPOON-151_1,smt-693,solve,616,SAT
SPOON-151_1,smt-1169,check,1,true
SPOON-151_1,smt-1014,check,0,false
FASTJSON-39_1,smt-22,solve,632,SAT
GUAVA-78_1,smt-92,solve,1937,SAT
GUAVA-260_1,smt-477,solve,5033,UNKNOWN
FASTJSON-39_1,smt-41,check,0,false
SPOON-151_1,smt-1014,solve,513,SAT
SPOON-151_1,smt-810,check,1,true
SPOON-151_1,smt-1144,check,1,false
GUAVA-78_1,smt-100,check,0,false
SPOON-151_1,smt-1144,solve,32,UNSAT
SPOON-151_1,smt-1144,update,0,
SPOON-151_1,smt-67,check,0,false
SPOON-151_1,smt-67,solve,354,SAT
FASTJSON-39_1,smt-41,solve,593,SAT
SPOON-151_1,smt-411,check,2,false
FASTJSON-104_1,smt-92,solve,5003,UNKNOWN
FASTJSON-39_1,smt-6,check,0,false
FASTJSON-39_1,smt-6,solve,3,SAT
FASTJSON-39_1,smt-29,check,0,false
FASTJSON-104_1,smt-100,check,0,false
SPOON-151_1,smt-411,solve,65,UNSAT
SPOON-151_1,smt-411,update,0,
SPOON-151_1,smt-1151,check,0,true
SPOON-151_1,smt-280,check,0,false
FASTJSON-104_1,smt-100,solve,82,UNSAT
FASTJSON-104_1,smt-100,update,0,
GUAVA-260_1,smt-60,check,0,false
FASTJSON-104_1,smt-59,check,0,false
GUAVA-260_1,smt-60,solve,8,SAT
GUAVA-260_1,smt-144,check,0,false
GUAVA-260_1,smt-144,solve,13,SAT
GUAVA-260_1,smt-383,check,2,false
GUAVA-260_1,smt-383,solve,76,UNSAT
GUAVA-260_1,smt-383,update,1,
SPOON-151_1,smt-280,solve,470,SAT
GUAVA-260_1,smt-356,check,0,false
SPOON-151_1,smt-936,check,2,false
GUAVA-260_1,smt-356,solve,9,SAT
GUAVA-260_1,smt-38,check,0,false
GUAVA-260_1,smt-38,solve,7,SAT
GUAVA-260_1,smt-182,check,0,false
GUAVA-260_1,smt-182,solve,9,SAT
GUAVA-260_1,smt-175,check,0,false
FASTJSON-39_1,smt-29,solve,777,SAT
GUAVA-260_1,smt-175,solve,6,SAT
SPOON-151_1,smt-936,solve,40,UNSAT
SPOON-151_1,smt-936,update,0,
SPOON-151_1,smt-147,check,0,true
SPOON-151_1,smt-776,check,1,true
FASTJSON-39_1,smt-5,check,0,false
SPOON-151_1,smt-1119,check,0,true
SPOON-151_1,smt-88,check,0,true
SPOON-151_1,smt-620,check,0,true
SPOON-151_1,smt-1108,check,0,true
SPOON-151_1,smt-830,check,1,true
SPOON-151_1,smt-297,check,0,true
SPOON-151_1,smt-167,check,0,false
SPOON-163_1,smt-17,solve,5012,UNKNOWN
FASTJSON-104_1,smt-59,solve,932,SAT
FASTJSON-104_1,smt-42,check,0,false
SPOON-151_1,smt-167,solve,285,SAT
SPOON-151_1,smt-1077,check,1,true
GUAVA-260_1,smt-440,check,140,false
SPOON-151_1,smt-789,check,2,true
SPOON-151_1,smt-932,check,1,true
SPOON-151_1,smt-482,check,1,true
SPOON-151_1,smt-333,check,0,false
SPOON-151_1,smt-333,solve,18,UNSAT
SPOON-151_1,smt-333,update,0,
SPOON-151_1,smt-736,check,0,true
SPOON-151_1,smt-287,check,1,false
SPOON-151_1,smt-287,solve,41,UNSAT
SPOON-151_1,smt-287,update,0,
SPOON-151_1,smt-326,check,0,true
SPOON-151_1,smt-794,check,1,true
SPOON-151_1,smt-567,check,0,true
SPOON-151_1,smt-837,check,1,true
SPOON-151_1,smt-701,check,0,true
SPOON-151_1,smt-150,check,0,true
SPOON-151_1,smt-250,check,0,true
SPOON-151_1,smt-937,check,1,true
SPOON-151_1,smt-48,check,0,false
SPOON-163_1,smt-21,check,0,false
SPOON-163_1,smt-21,solve,7,SAT
SPOON-151_1,smt-48,solve,23,UNSAT
SPOON-151_1,smt-48,update,0,
GUAVA-6_1,smt-4,solve,5038,UNKNOWN
SPOON-151_1,smt-894,check,0,true
SPOON-163_1,smt-26,check,0,false
GUAVA-6_1,smt-66,check,0,false
SPOON-151_1,smt-1186,check,1,true
SPOON-151_1,smt-764,check,1,true
SPOON-151_1,smt-1128,check,1,true
SPOON-151_1,smt-18,check,0,true
SPOON-151_1,smt-1055,check,2,false
GUAVA-6_1,smt-66,solve,273,SAT
GUAVA-6_1,smt-120,check,0,false
GUAVA-6_1,smt-120,solve,7,UNSAT
GUAVA-6_1,smt-120,update,0,
GUAVA-6_1,smt-121,check,0,false
FASTJSON-104_1,smt-42,solve,1630,SAT
SPOON-151_1,smt-1055,solve,614,SAT
SPOON-151_1,smt-669,check,1,true
SPOON-151_1,smt-595,check,0,false
FASTJSON-104_1,smt-82,check,0,false
FASTJSON-104_1,smt-82,solve,4,SAT
FASTJSON-104_1,smt-4,check,0,false
SPOON-151_1,smt-595,solve,33,UNSAT
SPOON-151_1,smt-595,update,0,
FASTJSON-104_1,smt-4,solve,4,SAT
SPOON-151_1,smt-1028,check,1,false
FASTJSON-104_1,smt-66,check,0,false
GUAVA-78_1,smt-100,solve,4011,UNSAT
GUAVA-78_1,smt-100,update,0,
SPOON-151_1,smt-1028,solve,305,SAT
SPOON-151_1,smt-665,check,0,true
SPOON-151_1,smt-554,check,1,true
SPOON-151_1,smt-92,check,0,true
SPOON-151_1,smt-512,check,0,true
SPOON-151_1,smt-838,check,1,true
SPOON-151_1,smt-1084,check,2,false
GUAVA-78_1,smt-59,check,0,false
GUAVA-78_1,smt-59,solve,15,UNSAT
GUAVA-78_1,smt-59,update,0,
GUAVA-6_1,smt-121,solve,980,UNSAT
GUAVA-6_1,smt-121,update,0,
GUAVA-249_1,smt-55,solve,5002,UNKNOWN
GUAVA-78_1,smt-141,check,0,false
FASTJSON-104_1,smt-66,solve,871,SAT
GUAVA-6_1,smt-85,check,0,false
FASTJSON-104_1,smt-85,check,0,true
FASTJSON-104_1,smt-24,check,0,false
SPOON-151_1,smt-1084,solve,359,SAT
SPOON-151_1,smt-420,check,1,false
GUAVA-6_1,smt-85,solve,364,SAT
GUAVA-6_1,smt-104,check,0,false
GUAVA-6_1,smt-104,solve,13,UNSAT
GUAVA-6_1,smt-104,update,0,
GUAVA-6_1,smt-127,check,0,false
GUAVA-6_1,smt-127,solve,4,UNSAT
GUAVA-6_1,smt-127,update,0,
GUAVA-6_1,smt-24,check,0,false
GUAVA-6_1,smt-24,solve,3,UNSAT
GUAVA-6_1,smt-24,update,0,
GUAVA-6_1,smt-36,check,0,false
GUAVA-6_1,smt-36,solve,2,SAT
GUAVA-6_1,smt-76,check,0,true
GUAVA-6_1,smt-97,check,0,true
GUAVA-6_1,smt-128,check,0,false
GUAVA-6_1,smt-128,solve,24,UNSAT
FASTJSON-39_1,smt-5,solve,3867,SAT
GUAVA-6_1,smt-128,update,0,
GUAVA-6_1,smt-134,check,0,true
GUAVA-6_1,smt-60,check,0,false
SPOON-151_1,smt-420,solve,551,SAT
GUAVA-6_1,smt-60,solve,35,SAT
SPOON-151_1,smt-502,check,1,true
GUAVA-6_1,smt-38,check,0,false
SPOON-151_1,smt-1193,check,2,false
FASTJSON-39_1,smt-15,check,0,false
GUAVA-6_1,smt-38,solve,64,SAT
GUAVA-6_1,smt-45,check,0,true
SPOON-151_1,smt-1193,solve,43,UNSAT
SPOON-151_1,smt-1193,update,0,
SPOON-151_1,smt-100,check,0,true
SPOON-151_1,smt-709,check,1,true
GUAVA-6_1,smt-64,check,0,true
SPOON-151_1,smt-483,check,0,true
GUAVA-249_1,smt-23,check,0,false
GUAVA-6_1,smt-25,check,0,false
SPOON-151_1,smt-230,check,0,true
GUAVA-249_1,smt-23,solve,7,SAT
SPOON-151_1,smt-950,check,3,false
GUAVA-174_1,smt-57,check,0,false
FASTJSON-104_1,smt-24,solve,1114,SAT
SPOON-151_1,smt-950,solve,51,UNSAT
SPOON-151_1,smt-950,update,0,
FASTJSON-104_1,smt-36,check,0,false
FASTJSON-104_1,smt-36,solve,3,UNSAT
FASTJSON-104_1,smt-36,update,0,
FASTJSON-104_1,smt-76,check,0,false
SPOON-151_1,smt-548,check,2,false
FASTJSON-104_1,smt-76,solve,5,UNSAT
FASTJSON-104_1,smt-76,update,0,
FASTJSON-104_1,smt-97,check,0,false
FASTJSON-39_1,smt-15,solve,676,SAT
FASTJSON-104_1,smt-97,solve,92,UNSAT
FASTJSON-104_1,smt-97,update,0,
FASTJSON-39_1,smt-14,check,0,false
FASTJSON-39_1,smt-14,solve,5,SAT
FASTJSON-39_1,smt-23,check,0,false
FASTJSON-104_1,smt-60,check,0,false
FASTJSON-104_1,smt-60,solve,4,SAT
FASTJSON-104_1,smt-38,check,0,false
FASTJSON-104_1,smt-38,solve,6,SAT
GUAVA-174_1,smt-57,solve,628,SAT
FASTJSON-104_1,smt-45,check,0,false
FASTJSON-104_1,smt-45,solve,3,SAT
FASTJSON-104_1,smt-64,check,0,false
GUAVA-174_1,smt-173,check,0,false
GUAVA-174_1,smt-173,solve,47,SAT
SPOON-151_1,smt-548,solve,587,SAT
GUAVA-174_1,smt-225,check,0,false
SPOON-151_1,smt-537,check,1,true
SPOON-151_1,smt-1045,check,1,true
SPOON-151_1,smt-465,check,0,true
SPOON-151_1,smt-174,check,1,false
FASTJSON-39_1,smt-23,solve,289,SAT
SPOON-167_1,smt-1,check,0,false
SPOON-167_1,smt-1,solve,333,SAT
SPOON-167_1,smt-7,check,0,false
SPOON-167_1,smt-7,solve,2,SAT
SPOON-167_1,smt-4,check,0,false
GUAVA-174_1,smt-225,solve,157,UNSAT
GUAVA-174_1,smt-225,update,0,
GUAVA-174_1,smt-227,check,0,false
SPOON-151_1,smt-174,solve,617,UNSAT
SPOON-151_1,smt-174,update,1,
SPOON-151_1,smt-605,check,1,true
SPOON-167_1,smt-4,solve,182,SAT
SPOON-151_1,smt-329,check,0,false
SPOON-151_1,smt-329,solve,3,SAT
SPOON-167_1,smt-3,check,0,false
SPOON-151_1,smt-439,check,1,true
SPOON-167_1,smt-3,solve,4,SAT
SPOON-167_1,smt-10,check,0,false
SPOON-151_1,smt-59,check,0,true
SPOON-167_1,smt-10,solve,3,SAT
SPOON-151_1,smt-141,check,1,false
SPOON-167_1,smt-2,check,0,false
GUAVA-174_1,smt-227,solve,244,UNSAT
GUAVA-174_1,smt-227,update,0,
GUAVA-174_1,smt-90,check,0,false
GUAVA-174_1,smt-90,solve,20,UNSAT
GUAVA-174_1,smt-90,update,0,
GUAVA-174_1,smt-220,check,0,false
SPOON-167_1,smt-2,solve,540,SAT
SPOON-167_1,smt-8,check,0,false
SPOON-151_1,smt-141,solve,771,SAT
SPOON-151_1,smt-42,check,0,false
GUAVA-174_1,smt-220,solve,308,UNSAT
GUAVA-174_1,smt-220,update,0,
SPOON-163_1,smt-26,solve,5003,UNKNOWN
GUAVA-174_1,smt-191,check,0,false
SPOON-163_1,smt-2,check,0,false
SPOON-163_1,smt-2,solve,5,SAT
SPOON-163_1,smt-8,check,0,false
SPOON-163_1,smt-8,solve,4,SAT
GUAVA-174_1,smt-191,solve,37,UNSAT
GUAVA-174_1,smt-191,update,0,
GUAVA-174_1,smt-37,check,0,false
GUAVA-174_1,smt-37,solve,77,UNSAT
GUAVA-174_1,smt-37,update,0,
SPOON-151_1,smt-42,solve,484,SAT
SPOON-151_1,smt-972,check,0,true
GUAVA-174_1,smt-1,check,0,false
SPOON-151_1,smt-82,check,0,true
GUAVA-174_1,smt-1,solve,7,UNSAT
GUAVA-174_1,smt-1,update,0,
SPOON-163_1,smt-19,check,1,false
GUAVA-174_1,smt-142,check,0,false
SPOON-151_1,smt-747,check,1,true
SPOON-151_1,smt-641,check,2,false
GUAVA-174_1,smt-142,solve,5,SAT
GUAVA-174_1,smt-162,check,0,false
GUAVA-174_1,smt-162,solve,68,UNSAT
GUAVA-174_1,smt-162,update,0,
GUAVA-174_1,smt-87,check,0,false
GUAVA-174_1,smt-87,solve,3,SAT
GUAVA-174_1,smt-158,check,0,false
SPOON-167_1,smt-8,solve,987,SAT
FASTJSON-104_1,smt-64,solve,2886,SAT
GUAVA-174_1,smt-158,solve,17,UNSAT
GUAVA-174_1,smt-158,update,0,
GUAVA-78_1,smt-141,solve,5002,UNKNOWN
SPOON-167_1,smt-11,check,0,false
FASTJSON-104_1,smt-25,check,0,false
GUAVA-174_1,smt-237,check,8,false
FASTJSON-104_1,smt-25,solve,3,SAT
SPOON-167_1,smt-11,solve,149,SAT
FASTJSON-104_1,smt-32,check,0,false
SPOON-167_1,smt-9,check,0,false
GUAVA-78_1,smt-42,check,0,false
GUAVA-78_1,smt-42,solve,119,UNSAT
GUAVA-78_1,smt-42,update,0,
GUAVA-78_1,smt-82,check,0,false
GUAVA-78_1,smt-82,solve,62,SAT
GUAVA-78_1,smt-4,check,0,false
GUAVA-78_1,smt-4,solve,2,SAT
SPOON-167_1,smt-9,solve,411,SAT
GUAVA-78_1,smt-66,check,0,false
SPOON-167_1,smt-12,check,0,false
SPOON-167_1,smt-12,solve,26,UNSAT
SPOON-167_1,smt-12,update,0,
SPOON-167_1,smt-6,check,0,false
GUAVA-78_1,smt-66,solve,124,SAT
GUAVA-78_1,smt-120,check,0,false
SPOON-167_1,smt-6,solve,299,SAT
GUAVA-6_1,smt-25,solve,5002,UNKNOWN
SPOON-167_1,smt-5,check,0,false
GUAVA-6_1,smt-32,check,0,false
GUAVA-6_1,smt-32,solve,4,SAT
GUAVA-6_1,smt-99,check,0,false
GUAVA-78_1,smt-120,solve,404,UNSAT
GUAVA-78_1,smt-120,update,0,
GUAVA-260_1,smt-440,solve,5002,UNKNOWN
GUAVA-78_1,smt-121,check,0,false
FASTJSON-104_1,smt-32,solve,1359,SAT
SPOON-167_1,smt-5,solve,300,SAT
GUAVA-6_1,smt-99,solve,437,SAT
FASTJSON-104_1,smt-99,check,1,false
GUAVA-6_1,smt-43,check,0,false
GUAVA-6_1,smt-43,solve,4,SAT
GUAVA-6_1,smt-47,check,0,false
GUAVA-6_1,smt-47,solve,17,UNSAT
GUAVA-6_1,smt-47,update,0,
GUAVA-6_1,smt-124,check,0,false
GUAVA-260_1,smt-452,check,0,false
GUAVA-260_1,smt-452,solve,13,SAT
GUAVA-260_1,smt-45,check,0,false
GUAVA-6_1,smt-124,solve,145,UNSAT
GUAVA-6_1,smt-124,update,0,
GUAVA-260_1,smt-45,solve,13,SAT
GUAVA-260_1,smt-422,check,0,false
GUAVA-6_1,smt-116,check,0,false
GUAVA-260_1,smt-422,solve,11,SAT
GUAVA-260_1,smt-274,check,0,false
GUAVA-6_1,smt-116,solve,17,UNSAT
GUAVA-6_1,smt-116,update,0,
GUAVA-6_1,smt-101,check,0,false
GUAVA-6_1,smt-101,solve,3,SAT
GUAVA-260_1,smt-274,solve,8,UNSAT
GUAVA-260_1,smt-274,update,0,
FASTJSON-49_1,smt-37,check,0,false
GUAVA-260_1,smt-259,check,0,false
GUAVA-6_1,smt-30,check,0,false
GUAVA-260_1,smt-259,solve,10,UNSAT
GUAVA-260_1,smt-259,update,0,
GUAVA-260_1,smt-424,check,0,false
GUAVA-6_1,smt-30,solve,41,SAT
GUAVA-260_1,smt-424,solve,12,SAT
GUAVA-260_1,smt-285,check,0,false
GUAVA-260_1,smt-285,solve,7,SAT
GUAVA-6_1,smt-138,check,1,false
GUAVA-260_1,smt-64,check,0,false
GUAVA-260_1,smt-64,solve,5,SAT
GUAVA-260_1,smt-25,check,0,false
GUAVA-260_1,smt-25,solve,5,SAT
GUAVA-260_1,smt-278,check,0,true
GUAVA-260_1,smt-304,check,0,true
GUAVA-260_1,smt-32,check,0,false
GUAVA-260_1,smt-32,solve,3,SAT
GUAVA-260_1,smt-283,check,0,true
GUAVA-260_1,smt-318,check,0,false
GUAVA-260_1,smt-318,solve,10,SAT
GUAVA-260_1,smt-99,check,0,true
GUAVA-260_1,smt-335,check,0,false
GUAVA-260_1,smt-335,solve,12,UNSAT
GUAVA-260_1,smt-335,update,0,
GUAVA-260_1,smt-429,check,1,false
FASTJSON-104_1,smt-99,solve,595,UNSAT
FASTJSON-104_1,smt-99,update,0,
GUAVA-260_1,smt-429,solve,76,UNSAT
GUAVA-260_1,smt-429,update,0,
GUAVA-260_1,smt-43,check,0,true
GUAVA-260_1,smt-47,check,0,false
GUAVA-78_1,smt-121,solve,1598,SAT
GUAVA-260_1,smt-47,solve,5,UNSAT
GUAVA-260_1,smt-47,update,0,
GUAVA-260_1,smt-156,check,0,false
GUAVA-260_1,smt-156,solve,3,UNSAT
GUAVA-260_1,smt-156,update,0,
GUAVA-260_1,smt-389,check,1,false
GUAVA-78_1,smt-85,check,0,false
FASTJSON-104_1,smt-43,check,0,false
GUAVA-260_1,smt-389,solve,15,UNSAT
GUAVA-260_1,smt-389,update,0,
GUAVA-260_1,smt-124,check,0,false
GUAVA-78_1,smt-85,solve,33,UNSAT
GUAVA-78_1,smt-85,update,0,
GUAVA-260_1,smt-124,solve,7,SAT
GUAVA-78_1,smt-104,check,0,false
GUAVA-260_1,smt-262,check,1,false
GUAVA-260_1,smt-262,solve,14,UNSAT
GUAVA-260_1,smt-262,update,0,
GUAVA-260_1,smt-154,check,0,false
GUAVA-260_1,smt-154,solve,10,SAT
GUAVA-260_1,smt-116,check,0,false
GUAVA-6_1,smt-138,solve,649,UNSAT
GUAVA-6_1,smt-138,update,0,
GUAVA-260_1,smt-116,solve,7,UNSAT
GUAVA-260_1,smt-116,update,0,
GUAVA-78_1,smt-104,solve,160,UNSAT
GUAVA-78_1,smt-104,update,0,
GUAVA-260_1,smt-101,check,0,false
GUAVA-260_1,smt-101,solve,5,SAT
GUAVA-260_1,smt-308,check,0,false
GUAVA-260_1,smt-308,solve,8,SAT
GUAVA-174_1,smt-237,solve,1143,UNSAT
GUAVA-174_1,smt-237,update,0,
GUAVA-260_1,smt-228,check,0,false
GUAVA-78_1,smt-127,check,0,false
GUAVA-6_1,smt-40,check,0,false
GUAVA-260_1,smt-228,solve,12,UNSAT
GUAVA-260_1,smt-228,update,0,
GUAVA-6_1,smt-40,solve,3,SAT
GUAVA-260_1,smt-30,check,0,false
GUAVA-6_1,smt-111,check,0,false
GUAVA-6_1,smt-111,solve,5,UNSAT
GUAVA-6_1,smt-111,update,0,
GUAVA-6_1,smt-20,check,0,false
GUAVA-260_1,smt-30,solve,51,SAT
GUAVA-260_1,smt-380,check,0,false
GUAVA-260_1,smt-380,solve,4,UNSAT
GUAVA-260_1,smt-380,update,0,
GUAVA-260_1,smt-302,check,1,false
GUAVA-260_1,smt-302,solve,26,SAT
GUAVA-174_1,smt-31,check,0,false
GUAVA-260_1,smt-138,check,0,false
GUAVA-174_1,smt-31,solve,6,SAT
GUAVA-174_1,smt-89,check,0,false
GUAVA-260_1,smt-138,solve,5,UNSAT
GUAVA-260_1,smt-138,update,0,
GUAVA-260_1,smt-168,check,0,false
GUAVA-174_1,smt-89,solve,5,SAT
GUAVA-174_1,smt-53,check,0,false
GUAVA-260_1,smt-168,solve,5,UNSAT
GUAVA-260_1,smt-168,update,0,
GUAVA-174_1,smt-53,solve,7,SAT
GUAVA-260_1,smt-215,check,0,true
GUAVA-260_1,smt-303,check,0,false
GUAVA-174_1,smt-7,check,0,false
GUAVA-260_1,smt-303,solve,9,UNSAT
GUAVA-260_1,smt-303,update,0,
GUAVA-260_1,smt-40,check,0,false
FASTJSON-104_1,smt-43,solve,949,SAT
GUAVA-260_1,smt-40,solve,16,SAT
GUAVA-260_1,smt-317,check,0,false
GUAVA-260_1,smt-317,solve,9,SAT
GUAVA-260_1,smt-355,check,1,false
FASTJSON-104_1,smt-47,check,0,false
GUAVA-260_1,smt-355,solve,12,UNSAT
GUAVA-260_1,smt-355,update,0,
GUAVA-260_1,smt-111,check,0,false
GUAVA-260_1,smt-111,solve,7,SAT
GUAVA-260_1,smt-416,check,0,false
GUAVA-260_1,smt-416,solve,4,SAT
GUAVA-260_1,smt-20,check,0,false
GUAVA-260_1,smt-20,solve,3,SAT
GUAVA-260_1,smt-248,check,0,false
SPOON-151_1,smt-641,solve,5002,UNKNOWN
GUAVA-260_1,smt-248,solve,9,UNSAT
GUAVA-260_1,smt-248,update,0,
GUAVA-260_1,smt-338,check,0,true
GUAVA-260_1,smt-190,check,0,false
SPOON-151_1,smt-963,check,0,true
SPOON-151_1,smt-370,check,1,false
GUAVA-260_1,smt-190,solve,7,SAT
GUAVA-260_1,smt-393,check,0,false
GUAVA-260_1,smt-393,solve,8,SAT
GUAVA-260_1,smt-401,check,0,true
GUAVA-260_1,smt-74,check,0,false
GUAVA-260_1,smt-74,solve,3,SAT
GUAVA-260_1,smt-69,check,0,true
GUAVA-260_1,smt-3,check,0,false
GUAVA-260_1,smt-3,solve,15,SAT
GUAVA-260_1,smt-284,check,0,true
GUAVA-260_1,smt-81,check,0,false
SPOON-151_1,smt-370,solve,83,UNSAT
SPOON-151_1,smt-370,update,0,
GUAVA-260_1,smt-81,solve,5,SAT
SPOON-151_1,smt-4,check,0,false
GUAVA-260_1,smt-179,check,0,false
GUAVA-260_1,smt-179,solve,9,SAT
GUAVA-260_1,smt-425,check,0,true
GUAVA-260_1,smt-375,check,0,true
GUAVA-260_1,smt-114,check,1,false
GUAVA-260_1,smt-114,solve,6,SAT
GUAVA-260_1,smt-139,check,0,false
GUAVA-260_1,smt-139,solve,7,UNSAT
GUAVA-260_1,smt-139,update,0,
GUAVA-260_1,smt-10,check,0,false
GUAVA-260_1,smt-10,solve,8,SAT
GUAVA-260_1,smt-211,check,0,false
SPOON-151_1,smt-4,solve,197,SAT
GUAVA-260_1,smt-211,solve,5,SAT
GUAVA-260_1,smt-421,check,0,false
SPOON-151_1,smt-913,check,0,true
SPOON-151_1,smt-982,check,1,false
GUAVA-260_1,smt-421,solve,8,UNSAT
GUAVA-260_1,smt-421,update,0,
GUAVA-260_1,smt-49,check,0,false
GUAVA-260_1,smt-49,solve,32,UNSAT
GUAVA-260_1,smt-49,update,0,
GUAVA-260_1,smt-402,check,0,false
SPOON-151_1,smt-982,solve,43,UNSAT
SPOON-151_1,smt-982,update,0,
GUAVA-260_1,smt-402,solve,13,SAT
GUAVA-260_1,smt-83,check,0,false
SPOON-151_1,smt-1139,check,1,true
GUAVA-260_1,smt-83,solve,6,SAT
GUAVA-260_1,smt-13,check,0,false
SPOON-151_1,smt-864,check,0,true
GUAVA-260_1,smt-13,solve,3,SAT
SPOON-151_1,smt-809,check,1,true
GUAVA-260_1,smt-102,check,0,false
GUAVA-260_1,smt-102,solve,4,SAT
GUAVA-260_1,smt-17,check,0,false
SPOON-151_1,smt-858,check,1,true
SPOON-151_1,smt-583,check,0,true
GUAVA-260_1,smt-17,solve,4,SAT
SPOON-151_1,smt-1085,check,1,false
GUAVA-260_1,smt-339,check,0,true
GUAVA-260_1,smt-407,check,0,false
GUAVA-260_1,smt-407,solve,11,SAT
GUAVA-260_1,smt-21,check,0,false
GUAVA-260_1,smt-21,solve,2,SAT
GUAVA-260_1,smt-441,check,0,true
GUAVA-260_1,smt-324,check,0,false
GUAVA-260_1,smt-324,solve,4,SAT
GUAVA-260_1,smt-153,check,0,false
SPOON-151_1,smt-1085,solve,50,UNSAT
SPOON-151_1,smt-1085,update,0,
GUAVA-260_1,smt-153,solve,9,UNSAT
GUAVA-260_1,smt-153,update,0,
GUAVA-260_1,smt-58,check,0,true
SPOON-151_1,smt-565,check,0,true
GUAVA-260_1,smt-51,check,0,false
GUAVA-260_1,smt-51,solve,4,SAT
SPOON-151_1,smt-781,check,1,true
GUAVA-260_1,smt-176,check,0,false
SPOON-151_1,smt-549,check,0,true
GUAVA-260_1,smt-176,solve,7,SAT
SPOON-151_1,smt-525,check,0,true
GUAVA-260_1,smt-186,check,0,false
SPOON-151_1,smt-1132,check,2,true
GUAVA-260_1,smt-186,solve,11,SAT
GUAVA-260_1,smt-470,check,0,true
SPOON-151_1,smt-1010,check,0,true
GUAVA-260_1,smt-133,check,1,false
SPOON-151_1,smt-319,check,0,true
SPOON-151_1,smt-171,check,0,true
GUAVA-260_1,smt-133,solve,11,SAT
SPOON-151_1,smt-760,check,1,true
GUAVA-260_1,smt-206,check,0,false
SPOON-151_1,smt-234,check,0,true
GUAVA-260_1,smt-206,solve,9,SAT
GUAVA-260_1,smt-71,check,0,false
SPOON-151_1,smt-899,check,2,true
GUAVA-260_1,smt-71,solve,4,SAT
SPOON-151_1,smt-593,check,1,true
GUAVA-260_1,smt-26,check,0,false
SPOON-151_1,smt-66,check,0,false
GUAVA-260_1,smt-26,solve,2,SAT
GUAVA-260_1,smt-403,check,0,false
GUAVA-260_1,smt-403,solve,10,SAT
GUAVA-260_1,smt-410,check,0,true
GUAVA-260_1,smt-118,check,0,false
FASTJSON-104_1,smt-47,solve,1578,SAT
SPOON-151_1,smt-66,solve,35,UNSAT
SPOON-151_1,smt-66,update,0,
GUAVA-260_1,smt-118,solve,7,UNSAT
GUAVA-260_1,smt-118,update,0,
GUAVA-260_1,smt-376,check,0,false
SPOON-151_1,smt-541,check,2,false
GUAVA-260_1,smt-376,solve,11,SAT
FASTJSON-104_1,smt-101,check,0,false
FASTJSON-104_1,smt-101,solve,93,UNSAT
FASTJSON-104_1,smt-101,update,0,
FASTJSON-104_1,smt-30,check,0,false
SPOON-151_1,smt-541,solve,493,SAT
GUAVA-260_1,smt-476,check,221,false
SPOON-151_1,smt-120,check,0,false
SPOON-151_1,smt-120,solve,621,SAT
SPOON-151_1,smt-873,check,0,true
SPOON-151_1,smt-121,check,0,false
GUAVA-174_1,smt-7,solve,3343,SAT
FASTJSON-104_1,smt-30,solve,842,SAT
SPOON-163_1,smt-19,solve,5005,UNKNOWN
GUAVA-174_1,smt-202,check,1,false
SPOON-151_1,smt-121,solve,67,UNSAT
SPOON-151_1,smt-121,update,0,
SPOON-151_1,smt-360,check,2,false
FASTJSON-104_1,smt-40,check,0,false
FASTJSON-104_1,smt-40,solve,3,SAT
FASTJSON-104_1,smt-20,check,0,false
FASTJSON-104_1,smt-20,solve,3,SAT
FASTJSON-104_1,smt-74,check,0,false
FASTJSON-104_1,smt-74,solve,3,SAT
FASTJSON-104_1,smt-69,check,0,false
FASTJSON-104_1,smt-69,solve,3,SAT
FASTJSON-104_1,smt-3,check,0,false
FASTJSON-104_1,smt-3,solve,4,SAT
FASTJSON-104_1,smt-81,check,0,false
FASTJSON-104_1,smt-81,solve,4,SAT
SPOON-151_1,smt-360,solve,58,UNSAT
SPOON-151_1,smt-360,update,0,
FASTJSON-104_1,smt-10,check,0,false
FASTJSON-104_1,smt-10,solve,3,SAT
SPOON-151_1,smt-353,check,3,false
FASTJSON-104_1,smt-49,check,0,false
SPOON-151_1,smt-353,solve,29,UNSAT
SPOON-151_1,smt-353,update,0,
SPOON-151_1,smt-547,check,5,false
GUAVA-174_1,smt-202,solve,359,UNSAT
GUAVA-174_1,smt-202,update,0,
SPOON-151_1,smt-547,solve,86,UNSAT
SPOON-151_1,smt-547,update,0,
GUAVA-174_1,smt-27,check,0,false
GUAVA-174_1,smt-27,solve,4,SAT
GUAVA-174_1,smt-75,check,0,false
SPOON-151_1,smt-624,check,0,true
SPOON-151_1,smt-256,check,0,true
GUAVA-174_1,smt-75,solve,5,SAT
GUAVA-174_1,smt-67,check,0,false
SPOON-151_1,smt-268,check,1,false
GUAVA-174_1,smt-67,solve,16,SAT
GUAVA-174_1,smt-147,check,0,false
SPOON-163_1,smt-28,check,4,false
GUAVA-174_1,smt-147,solve,16,UNSAT
GUAVA-174_1,smt-147,update,0,
GUAVA-174_1,smt-88,check,0,false
GUAVA-174_1,smt-88,solve,36,UNSAT
GUAVA-174_1,smt-88,update,0,
GUAVA-174_1,smt-167,check,0,false
GUAVA-78_1,smt-127,solve,5004,UNKNOWN
GUAVA-6_1,smt-20,solve,5003,UNKNOWN
GUAVA-6_1,smt-74,check,0,false
GUAVA-174_1,smt-167,solve,228,SAT
GUAVA-174_1,smt-150,check,0,false
GUAVA-174_1,smt-150,solve,20,UNSAT
GUAVA-174_1,smt-150,update,0,
GUAVA-174_1,smt-48,check,0,false
GUAVA-174_1,smt-48,solve,3,SAT
GUAVA-174_1,smt-18,check,0,false
GUAVA-6_1,smt-74,solve,220,SAT
GUAVA-6_1,smt-69,check,0,false
GUAVA-6_1,smt-69,solve,3,SAT
GUAVA-78_1,smt-24,check,0,false
GUAVA-6_1,smt-3,check,0,false
SPOON-151_1,smt-268,solve,751,SAT
GUAVA-78_1,smt-24,solve,2,UNSAT
GUAVA-78_1,smt-24,update,0,
GUAVA-78_1,smt-36,check,0,false
GUAVA-6_1,smt-3,solve,9,SAT
GUAVA-6_1,smt-81,check,0,false
GUAVA-78_1,smt-36,solve,12,SAT
GUAVA-174_1,smt-18,solve,47,UNSAT
GUAVA-174_1,smt-18,update,0,
SPOON-151_1,smt-882,check,1,true
SPOON-151_1,smt-85,check,0,true
GUAVA-78_1,smt-76,check,0,false
GUAVA-174_1,smt-92,check,0,false
GUAVA-174_1,smt-92,solve,4,SAT
SPOON-151_1,smt-611,check,1,true
GUAVA-174_1,smt-100,check,0,false
SPOON-151_1,smt-787,check,3,true
GUAVA-174_1,smt-100,solve,26,UNSAT
GUAVA-174_1,smt-100,update,0,
GUAVA-6_1,smt-81,solve,111,SAT
GUAVA-78_1,smt-76,solve,86,UNSAT
GUAVA-78_1,smt-76,update,0,
GUAVA-6_1,smt-114,check,0,false
SPOON-151_1,smt-811,check,4,true
SPOON-151_1,smt-822,check,1,true
SPOON-151_1,smt-1192,check,1,true
GUAVA-78_1,smt-97,check,0,false
SPOON-151_1,smt-426,check,0,true
SPOON-151_1,smt-921,check,0,true
SPOON-151_1,smt-458,check,1,true
SPOON-151_1,smt-711,check,2,false
GUAVA-174_1,smt-230,check,29,false
GUAVA-6_1,smt-114,solve,217,SAT
GUAVA-6_1,smt-10,check,0,false
SPOON-151_1,smt-711,solve,56,UNSAT
SPOON-151_1,smt-711,update,0,
SPOON-151_1,smt-331,check,0,true
SPOON-151_1,smt-1197,check,1,true
FASTJSON-104_1,smt-49,solve,1985,SAT
GUAVA-6_1,smt-10,solve,78,SAT
SPOON-151_1,smt-687,check,2,true
GUAVA-6_1,smt-49,check,0,false
SPOON-151_1,smt-289,check,2,false
GUAVA-6_1,smt-49,solve,3,SAT
GUAVA-6_1,smt-83,check,0,false
GUAVA-6_1,smt-83,solve,41,SAT
GUAVA-6_1,smt-13,check,0,false
GUAVA-6_1,smt-13,solve,3,SAT
GUAVA-6_1,smt-102,check,0,false
FASTJSON-104_1,smt-83,check,0,false
SPOON-151_1,smt-289,solve,38,UNSAT
SPOON-151_1,smt-289,update,0,
SPOON-151_1,smt-1071,check,0,true
GUAVA-6_1,smt-102,solve,15,UNSAT
GUAVA-6_1,smt-102,update,0,
SPOON-151_1,smt-770,check,2,true
GUAVA-6_1,smt-17,check,0,false
SPOON-151_1,smt-1135,check,0,true
SPOON-151_1,smt-772,check,1,true
SPOON-151_1,smt-684,check,0,true
SPOON-151_1,smt-363,check,1,false
FASTJSON-104_1,smt-83,solve,1709,SAT
FASTJSON-104_1,smt-13,check,0,false
FASTJSON-104_1,smt-13,solve,3,SAT
FASTJSON-104_1,smt-102,check,1,false
GUAVA-78_1,smt-97,solve,5002,UNKNOWN
GUAVA-78_1,smt-128,check,0,false
GUAVA-260_1,smt-476,solve,5002,UNKNOWN
GUAVA-6_1,smt-17,solve,5003,UNKNOWN
GUAVA-78_1,smt-128,solve,116,SAT
GUAVA-6_1,smt-21,check,0,false
SPOON-151_1,smt-363,solve,5002,UNKNOWN
SPOON-151_1,smt-820,check,2,false
GUAVA-6_1,smt-21,solve,74,SAT
GUAVA-6_1,smt-58,check,0,false
GUAVA-6_1,smt-58,solve,2,SAT
GUAVA-6_1,smt-51,check,0,false
GUAVA-6_1,smt-51,solve,3,SAT
GUAVA-6_1,smt-133,check,0,false
GUAVA-260_1,smt-212,check,0,false
GUAVA-78_1,smt-134,check,7,false
GUAVA-6_1,smt-133,solve,19,UNSAT
GUAVA-6_1,smt-133,update,0,
GUAVA-260_1,smt-212,solve,6,SAT
GUAVA-260_1,smt-349,check,1,false
GUAVA-6_1,smt-71,check,0,false
FASTJSON-49_1,smt-37,solve,3676,UNSAT
FASTJSON-49_1,smt-37,update,0,
SPOON-151_1,smt-820,solve,69,UNSAT
SPOON-151_1,smt-820,update,0,
GUAVA-260_1,smt-349,solve,7,SAT
GUAVA-260_1,smt-466,check,0,false
SPOON-151_1,smt-774,check,4,true
GUAVA-6_1,smt-71,solve,21,UNSAT
GUAVA-6_1,smt-71,update,0,
GUAVA-6_1,smt-26,check,0,false
GUAVA-6_1,smt-26,solve,6,SAT
SPOON-151_1,smt-1141,check,2,true
GUAVA-260_1,smt-466,solve,10,UNSAT
GUAVA-260_1,smt-466,update,0,
SPOON-151_1,smt-623,check,3,false
GUAVA-260_1,smt-306,check,1,true
GUAVA-260_1,smt-342,check,1,false
GUAVA-6_1,smt-118,check,1,true
GUAVA-260_1,smt-342,solve,7,UNSAT
GUAVA-260_1,smt-342,update,0,
GUAVA-260_1,smt-364,check,2,false
GUAVA-6_1,smt-137,check,2,false
GUAVA-260_1,smt-364,solve,28,SAT
GUAVA-260_1,smt-384,check,0,false
GUAVA-260_1,smt-384,solve,4,SAT
GUAVA-260_1,smt-137,check,0,false
GUAVA-260_1,smt-137,solve,6,SAT
GUAVA-260_1,smt-255,check,1,false
GUAVA-260_1,smt-255,solve,7,SAT
GUAVA-260_1,smt-239,check,2,false
GUAVA-260_1,smt-239,solve,13,SAT
GUAVA-260_1,smt-203,check,0,true
GUAVA-260_1,smt-130,check,53,false
GUAVA-260_1,smt-130,solve,7,SAT
GUAVA-260_1,smt-340,check,0,false
GUAVA-260_1,smt-340,solve,9,SAT
GUAVA-260_1,smt-209,check,1,false
SPOON-151_1,smt-623,solve,550,SAT
SPOON-151_1,smt-1029,check,0,true
SPOON-151_1,smt-104,check,0,true
SPOON-151_1,smt-218,check,0,true
SPOON-151_1,smt-183,check,0,true
GUAVA-260_1,smt-209,solve,13,UNSAT
GUAVA-260_1,smt-209,update,0,
SPOON-151_1,smt-460,check,0,true
GUAVA-260_1,smt-366,check,0,false
SPOON-151_1,smt-1137,check,0,true
SPOON-151_1,smt-327,check,0,true
SPOON-151_1,smt-332,check,0,false
GUAVA-260_1,smt-366,solve,17,SAT
GUAVA-260_1,smt-148,check,0,false
GUAVA-260_1,smt-148,solve,8,SAT
GUAVA-260_1,smt-253,check,0,false
GUAVA-6_1,smt-137,solve,468,UNSAT
GUAVA-6_1,smt-137,update,0,
SPOON-151_1,smt-332,solve,50,UNSAT
SPOON-151_1,smt-332,update,0,
SPOON-151_1,smt-928,check,0,true
SPOON-151_1,smt-199,check,1,false
GUAVA-6_1,smt-130,check,0,false
GUAVA-260_1,smt-253,solve,8,SAT
GUAVA-6_1,smt-130,solve,2,SAT
GUAVA-260_1,smt-406,check,0,true
GUAVA-260_1,smt-269,check,0,true
GUAVA-260_1,smt-435,check,0,false
FASTJSON-49_1,smt-1,check,0,false
GUAVA-6_1,smt-110,check,0,true
FASTJSON-49_1,smt-1,solve,3,SAT
GUAVA-6_1,smt-52,check,0,false
FASTJSON-49_1,smt-31,check,0,false
GUAVA-260_1,smt-435,solve,13,SAT
GUAVA-260_1,smt-390,check,0,false
SPOON-151_1,smt-199,solve,55,UNSAT
SPOON-151_1,smt-199,update,0,
FASTJSON-49_1,smt-31,solve,16,SAT
GUAVA-260_1,smt-390,solve,6,UNSAT
SPOON-151_1,smt-313,check,0,true
GUAVA-260_1,smt-390,update,0,
FASTJSON-49_1,smt-7,check,0,false
GUAVA-260_1,smt-377,check,0,false
SPOON-151_1,smt-1005,check,1,true
GUAVA-6_1,smt-52,solve,61,SAT
GUAVA-6_1,smt-39,check,0,false
SPOON-151_1,smt-796,check,2,true
GUAVA-260_1,smt-377,solve,9,SAT
GUAVA-260_1,smt-159,check,0,false
SPOON-151_1,smt-832,check,1,true
GUAVA-6_1,smt-39,solve,11,UNSAT
GUAVA-6_1,smt-39,update,0,
GUAVA-260_1,smt-159,solve,8,SAT
SPOON-151_1,smt-127,check,0,true
GUAVA-6_1,smt-46,check,0,false
GUAVA-260_1,smt-272,check,0,false
SPOON-151_1,smt-853,check,0,true
SPOON-151_1,smt-469,check,3,false
GUAVA-260_1,smt-272,solve,7,UNSAT
GUAVA-260_1,smt-272,update,0,
GUAVA-260_1,smt-110,check,0,false
GUAVA-6_1,smt-46,solve,48,SAT
GUAVA-260_1,smt-110,solve,7,UNSAT
GUAVA-6_1,smt-2,check,0,false
GUAVA-260_1,smt-110,update,0,
GUAVA-260_1,smt-219,check,0,false
GUAVA-6_1,smt-2,solve,3,SAT
GUAVA-6_1,smt-123,check,0,false
GUAVA-260_1,smt-219,solve,6,SAT
GUAVA-6_1,smt-123,solve,5,UNSAT
GUAVA-6_1,smt-123,update,0,
GUAVA-260_1,smt-322,check,1,true
GUAVA-260_1,smt-52,check,0,false
GUAVA-6_1,smt-79,check,0,false
GUAVA-260_1,smt-52,solve,3,UNSAT
GUAVA-260_1,smt-52,update,0,
GUAVA-260_1,smt-39,check,0,true
GUAVA-260_1,smt-46,check,0,false
SPOON-151_1,smt-469,solve,56,UNSAT
SPOON-151_1,smt-469,update,0,
GUAVA-260_1,smt-46,solve,2,SAT
GUAVA-260_1,smt-2,check,0,true
GUAVA-260_1,smt-347,check,0,true
GUAVA-260_1,smt-187,check,0,false
SPOON-151_1,smt-852,check,0,true
GUAVA-6_1,smt-79,solve,54,SAT
GUAVA-260_1,smt-187,solve,3,UNSAT
GUAVA-260_1,smt-187,update,0,
SPOON-151_1,smt-960,check,0,true
GUAVA-6_1,smt-8,check,0,false
GUAVA-260_1,smt-123,check,0,false
SPOON-151_1,smt-655,check,1,true
SPOON-151_1,smt-391,check,1,false
GUAVA-6_1,smt-8,solve,4,SAT
GUAVA-6_1,smt-122,check,0,false
GUAVA-260_1,smt-123,solve,7,SAT
GUAVA-260_1,smt-79,check,0,false
GUAVA-260_1,smt-79,solve,7,SAT
GUAVA-260_1,smt-341,check,0,false
GUAVA-6_1,smt-122,solve,44,SAT
GUAVA-6_1,smt-19,check,0,false
GUAVA-260_1,smt-341,solve,10,SAT
GUAVA-260_1,smt-414,check,0,true
GUAVA-260_1,smt-8,check,0,false
GUAVA-260_1,smt-8,solve,4,SAT
GUAVA-260_1,smt-214,check,0,false
GUAVA-6_1,smt-19,solve,62,SAT
FASTJSON-104_1,smt-102,solve,5002,UNKNOWN
GUAVA-6_1,smt-95,check,0,false
GUAVA-260_1,smt-214,solve,9,SAT
GUAVA-260_1,smt-122,check,0,false
GUAVA-260_1,smt-122,solve,4,UNSAT
GUAVA-260_1,smt-122,update,0,
GUAVA-260_1,smt-19,check,0,false
GUAVA-174_1,smt-230,solve,5005,UNKNOWN
GUAVA-260_1,smt-19,solve,4,SAT
GUAVA-260_1,smt-229,check,1,false
FASTJSON-104_1,smt-17,check,0,false
GUAVA-260_1,smt-229,solve,18,SAT
GUAVA-6_1,smt-95,solve,146,SAT
GUAVA-260_1,smt-149,check,0,false
GUAVA-6_1,smt-84,check,0,false
GUAVA-260_1,smt-149,solve,7,SAT
GUAVA-260_1,smt-95,check,0,false
GUAVA-260_1,smt-95,solve,4,SAT
GUAVA-260_1,smt-433,check,0,false
GUAVA-260_1,smt-433,solve,12,UNSAT
GUAVA-260_1,smt-433,update,0,
GUAVA-260_1,smt-372,check,0,true
GUAVA-260_1,smt-84,check,0,false
GUAVA-260_1,smt-84,solve,6,SAT
GUAVA-260_1,smt-78,check,0,true
GUAVA-260_1,smt-359,check,1,false
SPOON-151_1,smt-391,solve,545,SAT
GUAVA-260_1,smt-359,solve,10,UNSAT
GUAVA-260_1,smt-359,update,0,
SPOON-151_1,smt-1155,check,0,true
GUAVA-260_1,smt-251,check,2,false
SPOON-151_1,smt-535,check,1,true
SPOON-151_1,smt-1113,check,0,true
SPOON-151_1,smt-601,check,1,false
GUAVA-260_1,smt-251,solve,11,UNSAT
GUAVA-260_1,smt-251,update,0,
GUAVA-260_1,smt-164,check,0,false
GUAVA-6_1,smt-84,solve,301,SAT
GUAVA-260_1,smt-164,solve,10,SAT
GUAVA-260_1,smt-151,check,0,false
GUAVA-6_1,smt-78,check,0,false
GUAVA-260_1,smt-151,solve,10,SAT
GUAVA-260_1,smt-80,check,0,false
GUAVA-260_1,smt-80,solve,8,SAT
GUAVA-260_1,smt-307,check,0,false
GUAVA-260_1,smt-307,solve,12,SAT
GUAVA-260_1,smt-115,check,0,false
GUAVA-260_1,smt-115,solve,9,SAT
GUAVA-260_1,smt-300,check,1,false
GUAVA-260_1,smt-300,solve,12,SAT
GUAVA-260_1,smt-197,check,2,false
GUAVA-6_1,smt-78,solve,252,SAT
GUAVA-6_1,smt-80,check,0,false
GUAVA-260_1,smt-197,solve,17,SAT
GUAVA-260_1,smt-242,check,0,false
GUAVA-6_1,smt-80,solve,11,UNSAT
GUAVA-6_1,smt-80,update,0,
GUAVA-6_1,smt-115,check,0,false
GUAVA-6_1,smt-115,solve,3,UNSAT
GUAVA-6_1,smt-115,update,0,
GUAVA-260_1,smt-242,solve,7,UNSAT
GUAVA-260_1,smt-242,update,0,
GUAVA-6_1,smt-33,check,0,false
GUAVA-260_1,smt-291,check,0,true
GUAVA-260_1,smt-232,check,1,false
GUAVA-6_1,smt-33,solve,23,SAT
GUAVA-6_1,smt-73,check,0,true
GUAVA-260_1,smt-232,solve,14,UNSAT
GUAVA-260_1,smt-232,update,0,
GUAVA-6_1,smt-105,check,0,false
GUAVA-260_1,smt-445,check,0,false
GUAVA-260_1,smt-445,solve,5,SAT
GUAVA-260_1,smt-385,check,1,false
GUAVA-260_1,smt-385,solve,14,UNSAT
SPOON-151_1,smt-601,solve,669,SAT
GUAVA-260_1,smt-385,update,0,
GUAVA-260_1,smt-314,check,0,false
FASTJSON-104_1,smt-17,solve,1131,SAT
GUAVA-260_1,smt-314,solve,12,UNSAT
GUAVA-260_1,smt-314,update,0,
SPOON-151_1,smt-1019,check,3,true
GUAVA-260_1,smt-449,check,2,false
SPOON-151_1,smt-468,check,0,true
SPOON-151_1,smt-24,check,1,true
SPOON-151_1,smt-36,check,1,false
FASTJSON-104_1,smt-21,check,0,true
GUAVA-260_1,smt-449,solve,26,SAT
FASTJSON-104_1,smt-58,check,0,false
GUAVA-260_1,smt-316,check,0,false
GUAVA-260_1,smt-316,solve,10,UNSAT
GUAVA-260_1,smt-316,update,1,
GUAVA-260_1,smt-161,check,0,false
SPOON-163_1,smt-28,solve,5004,UNKNOWN
SPOON-151_1,smt-36,solve,38,UNSAT
SPOON-151_1,smt-36,update,0,
GUAVA-6_1,smt-105,solve,395,SAT
GUAVA-260_1,smt-161,solve,10,SAT
SPOON-151_1,smt-207,check,0,true
SPOON-151_1,smt-419,check,3,false
GUAVA-6_1,smt-117,check,0,false
SPOON-163_1,smt-11,check,0,false
GUAVA-6_1,smt-117,solve,194,UNSAT
GUAVA-6_1,smt-117,update,0,
SPOON-163_1,smt-11,solve,4,SAT
SPOON-163_1,smt-16,check,0,false
GUAVA-6_1,smt-107,check,1,false
GUAVA-174_1,smt-174,check,0,false
GUAVA-174_1,smt-174,solve,12,UNSAT
GUAVA-174_1,smt-174,update,0,
GUAVA-174_1,smt-59,check,0,false
GUAVA-174_1,smt-59,solve,2,SAT
GUAVA-174_1,smt-141,check,0,false
SPOON-163_1,smt-16,solve,181,UNSAT
SPOON-163_1,smt-16,update,0,
GUAVA-174_1,smt-141,solve,21,UNSAT
GUAVA-174_1,smt-141,update,0,
GUAVA-174_1,smt-42,check,0,false
SPOON-163_1,smt-9,check,0,false
GUAVA-174_1,smt-42,solve,10,UNSAT
GUAVA-174_1,smt-42,update,0,
GUAVA-174_1,smt-82,check,0,false
GUAVA-260_1,smt-479,check,418,false
GUAVA-6_1,smt-107,solve,473,UNSAT
GUAVA-6_1,smt-107,update,0,
GUAVA-174_1,smt-82,solve,408,UNSAT
GUAVA-174_1,smt-82,update,0,
GUAVA-174_1,smt-4,check,0,false
GUAVA-6_1,smt-93,check,0,true
GUAVA-174_1,smt-4,solve,7,SAT
GUAVA-6_1,smt-70,check,0,false
GUAVA-174_1,smt-171,check,0,false
GUAVA-6_1,smt-70,solve,4,UNSAT
GUAVA-6_1,smt-70,update,0,
GUAVA-6_1,smt-96,check,0,false
GUAVA-174_1,smt-171,solve,13,UNSAT
GUAVA-174_1,smt-171,update,0,
GUAVA-6_1,smt-96,solve,35,SAT
GUAVA-6_1,smt-91,check,0,false
GUAVA-174_1,smt-234,check,6,false
SPOON-163_1,smt-9,solve,704,SAT
GUAVA-6_1,smt-91,solve,13,UNSAT
GUAVA-6_1,smt-91,update,0,
SPOON-163_1,smt-12,check,0,false
GUAVA-6_1,smt-35,check,0,false
SPOON-163_1,smt-12,solve,4,SAT
SPOON-163_1,smt-22,check,0,false
SPOON-163_1,smt-22,solve,7,SAT
SPOON-163_1,smt-6,check,0,false
SPOON-163_1,smt-6,solve,4,SAT
SPOON-163_1,smt-5,check,0,false
GUAVA-6_1,smt-35,solve,99,SAT
GUAVA-6_1,smt-98,check,0,false
GUAVA-6_1,smt-98,solve,3,SAT
GUAVA-6_1,smt-56,check,0,false
GUAVA-6_1,smt-56,solve,3,SAT
GUAVA-78_1,smt-134,solve,5003,UNKNOWN
GUAVA-6_1,smt-28,check,0,false
FASTJSON-49_1,smt-7,solve,3864,SAT
GUAVA-6_1,smt-28,solve,38,SAT
GUAVA-6_1,smt-129,check,0,false
GUAVA-6_1,smt-129,solve,4,SAT
GUAVA-6_1,smt-34,check,0,false
GUAVA-6_1,smt-34,solve,32,SAT
GUAVA-6_1,smt-68,check,0,false
GUAVA-6_1,smt-68,solve,4,SAT
GUAVA-6_1,smt-11,check,0,false
GUAVA-6_1,smt-11,solve,4,SAT
GUAVA-6_1,smt-50,check,0,false
FASTJSON-49_1,smt-27,check,0,false
GUAVA-174_1,smt-234,solve,138,UNSAT
GUAVA-174_1,smt-234,update,0,
GUAVA-6_1,smt-50,solve,67,SAT
GUAVA-6_1,smt-44,check,0,true
GUAVA-6_1,smt-16,check,0,false
SPOON-163_1,smt-5,solve,473,SAT
GUAVA-174_1,smt-66,check,0,false
GUAVA-174_1,smt-66,solve,4,SAT
GUAVA-174_1,smt-120,check,0,false
GUAVA-78_1,smt-60,check,0,false
SPOON-163_1,smt-15,check,0,false
SPOON-163_1,smt-15,solve,6,SAT
GUAVA-174_1,smt-120,solve,9,UNSAT
GUAVA-174_1,smt-120,update,0,
GUAVA-6_1,smt-16,solve,64,SAT
SPOON-163_1,smt-14,check,0,false
GUAVA-174_1,smt-121,check,0,false
GUAVA-6_1,smt-125,check,2,false
GUAVA-78_1,smt-60,solve,81,UNSAT
GUAVA-78_1,smt-60,update,0,
SPOON-163_1,smt-14,solve,5,SAT
GUAVA-174_1,smt-121,solve,9,UNSAT
GUAVA-174_1,smt-121,update,0,
GUAVA-174_1,smt-85,check,0,false
GUAVA-174_1,smt-85,solve,3,UNSAT
GUAVA-174_1,smt-85,update,0,
GUAVA-78_1,smt-144,check,1,false
GUAVA-174_1,smt-104,check,0,false
SPOON-163_1,smt-23,check,1,false
GUAVA-174_1,smt-104,solve,7,UNSAT
GUAVA-174_1,smt-104,update,0,
GUAVA-174_1,smt-218,check,0,false
FASTJSON-49_1,smt-27,solve,136,UNSAT
FASTJSON-49_1,smt-27,update,0,
FASTJSON-49_1,smt-18,check,0,false
FASTJSON-49_1,smt-18,solve,11,SAT
FASTJSON-49_1,smt-4,check,0,false
GUAVA-174_1,smt-218,solve,170,SAT
GUAVA-174_1,smt-183,check,0,false
GUAVA-6_1,smt-125,solve,240,UNSAT
GUAVA-6_1,smt-125,update,0,
GUAVA-6_1,smt-94,check,1,false
GUAVA-174_1,smt-183,solve,115,SAT
FASTJSON-104_1,smt-58,solve,3026,SAT
FASTJSON-49_1,smt-4,solve,119,UNSAT
FASTJSON-49_1,smt-4,update,0,
GUAVA-174_1,smt-199,check,1,false
FASTJSON-49_1,smt-24,check,0,false
FASTJSON-49_1,smt-24,solve,45,SAT
FASTJSON-49_1,smt-36,check,0,false
FASTJSON-49_1,smt-36,solve,13,SAT
GUAVA-6_1,smt-94,solve,104,UNSAT
GUAVA-6_1,smt-94,update,0,
GUAVA-174_1,smt-199,solve,45,UNSAT
GUAVA-174_1,smt-199,update,0,
FASTJSON-104_1,smt-51,check,0,true
FASTJSON-104_1,smt-71,check,0,false
GUAVA-6_1,smt-9,check,0,false
GUAVA-174_1,smt-127,check,1,false
FASTJSON-104_1,smt-71,solve,5,SAT
FASTJSON-104_1,smt-26,check,0,false
GUAVA-6_1,smt-9,solve,4,SAT
GUAVA-6_1,smt-12,check,0,false
FASTJSON-104_1,smt-26,solve,3,SAT
GUAVA-6_1,smt-12,solve,4,SAT
FASTJSON-104_1,smt-52,check,0,false
GUAVA-6_1,smt-61,check,0,false
GUAVA-6_1,smt-61,solve,2,SAT
GUAVA-6_1,smt-132,check,0,false
GUAVA-174_1,smt-127,solve,21,UNSAT
GUAVA-174_1,smt-127,update,0,
GUAVA-174_1,smt-24,check,0,false
GUAVA-6_1,smt-132,solve,32,SAT
GUAVA-6_1,smt-108,check,0,false
GUAVA-174_1,smt-24,solve,16,UNSAT
GUAVA-174_1,smt-24,update,0,
FASTJSON-49_1,smt-38,check,7,false
GUAVA-174_1,smt-36,check,0,false
GUAVA-6_1,smt-108,solve,67,SAT
GUAVA-6_1,smt-22,check,0,false
GUAVA-174_1,smt-36,solve,47,UNSAT
GUAVA-174_1,smt-36,update,0,
GUAVA-6_1,smt-22,solve,2,SAT
GUAVA-6_1,smt-62,check,0,false
GUAVA-174_1,smt-207,check,1,false
GUAVA-6_1,smt-62,solve,3,SAT
GUAVA-6_1,smt-63,check,0,false
GUAVA-6_1,smt-63,solve,33,SAT
GUAVA-6_1,smt-119,check,5,false
GUAVA-174_1,smt-207,solve,29,UNSAT
GUAVA-174_1,smt-207,update,0,
GUAVA-174_1,smt-76,check,0,false
SPOON-163_1,smt-23,solve,826,SAT
GUAVA-174_1,smt-76,solve,13,SAT
GUAVA-174_1,smt-97,check,0,false
FASTJSON-105_1,smt-57,check,0,false
FASTJSON-105_1,smt-57,solve,3,SAT
FASTJSON-105_1,smt-311,check,0,false
GUAVA-174_1,smt-97,solve,12,SAT
GUAVA-174_1,smt-128,check,0,false
FASTJSON-105_1,smt-311,solve,8,SAT
FASTJSON-105_1,smt-173,check,0,false
FASTJSON-105_1,smt-173,solve,4,SAT
FASTJSON-105_1,smt-225,check,0,false
GUAVA-174_1,smt-128,solve,10,UNSAT
GUAVA-174_1,smt-128,update,0,
GUAVA-174_1,smt-134,check,0,false
FASTJSON-105_1,smt-225,solve,4,SAT
FASTJSON-105_1,smt-227,check,0,false
GUAVA-174_1,smt-134,solve,11,SAT
FASTJSON-105_1,smt-227,solve,5,UNSAT
FASTJSON-105_1,smt-227,update,0,
GUAVA-174_1,smt-216,check,1,false
FASTJSON-105_1,smt-271,check,0,false
FASTJSON-105_1,smt-271,solve,3,UNSAT
FASTJSON-105_1,smt-271,update,0,
FASTJSON-105_1,smt-90,check,0,false
FASTJSON-105_1,smt-90,solve,5,SAT
FASTJSON-105_1,smt-220,check,0,false
FASTJSON-105_1,smt-220,solve,4,SAT
FASTJSON-105_1,smt-305,check,0,false
FASTJSON-105_1,smt-305,solve,2,UNSAT
FASTJSON-105_1,smt-305,update,0,
GUAVA-78_1,smt-144,solve,1627,SAT
FASTJSON-105_1,smt-191,check,0,false
GUAVA-78_1,smt-38,check,0,false
FASTJSON-104_1,smt-52,solve,952,SAT
GUAVA-78_1,smt-38,solve,4,SAT
GUAVA-78_1,smt-45,check,0,false
GUAVA-174_1,smt-216,solve,38,UNSAT
GUAVA-174_1,smt-216,update,0,
GUAVA-78_1,smt-45,solve,7,UNSAT
GUAVA-78_1,smt-45,update,0,
GUAVA-174_1,smt-60,check,1,false
GUAVA-78_1,smt-64,check,0,false
FASTJSON-104_1,smt-39,check,0,false
GUAVA-78_1,smt-64,solve,80,SAT
GUAVA-78_1,smt-25,check,0,false
GUAVA-174_1,smt-60,solve,160,UNSAT
GUAVA-174_1,smt-60,update,0,
GUAVA-174_1,smt-144,check,0,true
GUAVA-174_1,smt-38,check,0,false
FASTJSON-105_1,smt-191,solve,196,UNSAT
FASTJSON-105_1,smt-191,update,0,
GUAVA-78_1,smt-25,solve,191,UNSAT
GUAVA-78_1,smt-25,update,0,
FASTJSON-105_1,smt-37,check,0,false
GUAVA-78_1,smt-32,check,0,true
FASTJSON-105_1,smt-37,solve,3,SAT
GUAVA-78_1,smt-99,check,0,false
FASTJSON-105_1,smt-1,check,0,true
FASTJSON-105_1,smt-142,check,0,false
FASTJSON-105_1,smt-142,solve,3,SAT
FASTJSON-105_1,smt-162,check,0,false
FASTJSON-105_1,smt-162,solve,6,SAT
FASTJSON-105_1,smt-87,check,0,false
FASTJSON-105_1,smt-87,solve,3,SAT
FASTJSON-105_1,smt-158,check,0,false
FASTJSON-105_1,smt-158,solve,3,SAT
FASTJSON-105_1,smt-264,check,0,true
FASTJSON-105_1,smt-237,check,0,true
FASTJSON-105_1,smt-282,check,0,false
GUAVA-174_1,smt-38,solve,354,SAT
SPOON-151_1,smt-419,solve,5002,UNKNOWN
GUAVA-174_1,smt-182,check,0,false
SPOON-151_1,smt-619,check,2,false
FASTJSON-105_1,smt-282,solve,89,SAT
GUAVA-174_1,smt-182,solve,10,UNSAT
GUAVA-174_1,smt-182,update,0,
FASTJSON-105_1,smt-325,check,0,false
GUAVA-174_1,smt-175,check,0,false
FASTJSON-105_1,smt-325,solve,4,SAT
FASTJSON-105_1,smt-323,check,0,true
GUAVA-174_1,smt-175,solve,8,SAT
GUAVA-174_1,smt-45,check,0,false
FASTJSON-105_1,smt-266,check,0,false
GUAVA-174_1,smt-45,solve,46,UNSAT
GUAVA-174_1,smt-45,update,0,
GUAVA-174_1,smt-64,check,0,false
GUAVA-174_1,smt-64,solve,10,SAT
GUAVA-174_1,smt-25,check,0,false
GUAVA-174_1,smt-25,solve,3,SAT
GUAVA-174_1,smt-32,check,0,false
GUAVA-174_1,smt-32,solve,8,UNSAT
GUAVA-174_1,smt-32,update,0,
GUAVA-174_1,smt-99,check,0,false
GUAVA-174_1,smt-99,solve,89,SAT
GUAVA-78_1,smt-99,solve,754,SAT
FASTJSON-105_1,smt-266,solve,163,UNSAT
FASTJSON-105_1,smt-266,update,0,
GUAVA-174_1,smt-43,check,0,false
GUAVA-174_1,smt-43,solve,11,SAT
FASTJSON-105_1,smt-270,check,0,false
GUAVA-174_1,smt-47,check,0,false
GUAVA-174_1,smt-47,solve,2,SAT
GUAVA-78_1,smt-43,check,0,true
GUAVA-174_1,smt-156,check,0,false
FASTJSON-105_1,smt-270,solve,6,SAT
FASTJSON-105_1,smt-31,check,0,false
GUAVA-78_1,smt-47,check,0,true
GUAVA-78_1,smt-156,check,0,false
FASTJSON-105_1,smt-31,solve,3,SAT
FASTJSON-105_1,smt-89,check,0,false
SPOON-151_1,smt-619,solve,531,UNSAT
SPOON-151_1,smt-619,update,0,
FASTJSON-105_1,smt-89,solve,3,SAT
FASTJSON-105_1,smt-53,check,0,false
SPOON-151_1,smt-76,check,0,false
FASTJSON-105_1,smt-53,solve,4,SAT
GUAVA-174_1,smt-156,solve,14,UNSAT
FASTJSON-105_1,smt-7,check,0,false
GUAVA-174_1,smt-156,update,0,
GUAVA-174_1,smt-124,check,0,false
FASTJSON-105_1,smt-7,solve,4,SAT
FASTJSON-105_1,smt-202,check,0,false
FASTJSON-105_1,smt-202,solve,5,SAT
FASTJSON-105_1,smt-27,check,0,false
FASTJSON-105_1,smt-27,solve,3,SAT
FASTJSON-105_1,smt-312,check,0,true
FASTJSON-105_1,smt-281,check,0,false
GUAVA-174_1,smt-124,solve,20,UNSAT
GUAVA-174_1,smt-124,update,0,
GUAVA-78_1,smt-156,solve,123,SAT
GUAVA-174_1,smt-154,check,1,false
GUAVA-78_1,smt-124,check,0,false
FASTJSON-105_1,smt-281,solve,9,SAT
FASTJSON-105_1,smt-75,check,0,false
FASTJSON-104_1,smt-39,solve,1603,SAT
FASTJSON-105_1,smt-75,solve,4,SAT
FASTJSON-105_1,smt-67,check,0,false
FASTJSON-105_1,smt-67,solve,3,SAT
FASTJSON-105_1,smt-280,check,0,false
GUAVA-174_1,smt-154,solve,16,UNSAT
GUAVA-174_1,smt-154,update,0,
GUAVA-174_1,smt-116,check,0,false
FASTJSON-105_1,smt-280,solve,7,SAT
FASTJSON-105_1,smt-147,check,0,false
GUAVA-174_1,smt-116,solve,5,SAT
FASTJSON-105_1,smt-147,solve,5,SAT
GUAVA-174_1,smt-101,check,0,false
FASTJSON-105_1,smt-88,check,0,false
FASTJSON-105_1,smt-88,solve,5,SAT
FASTJSON-105_1,smt-297,check,0,true
FASTJSON-105_1,smt-167,check,0,false
GUAVA-174_1,smt-101,solve,8,UNSAT
GUAVA-174_1,smt-101,update,0,
FASTJSON-104_1,smt-46,check,0,false
GUAVA-174_1,smt-228,check,0,false
FASTJSON-105_1,smt-167,solve,4,SAT
FASTJSON-104_1,smt-46,solve,3,SAT
FASTJSON-104_1,smt-2,check,0,false
FASTJSON-105_1,smt-287,check,0,false
FASTJSON-104_1,smt-2,solve,3,SAT
FASTJSON-104_1,smt-79,check,0,false
GUAVA-174_1,smt-228,solve,18,UNSAT
GUAVA-174_1,smt-228,update,0,
GUAVA-174_1,smt-30,check,0,false
GUAVA-174_1,smt-30,solve,5,SAT
SPOON-151_1,smt-76,solve,424,SAT
GUAVA-174_1,smt-138,check,0,false
GUAVA-174_1,smt-138,solve,3,SAT
GUAVA-174_1,smt-168,check,1,false
SPOON-151_1,smt-315,check,0,true
SPOON-151_1,smt-1125,check,1,true
SPOON-151_1,smt-726,check,0,true
GUAVA-78_1,smt-124,solve,422,SAT
SPOON-151_1,smt-728,check,1,true
GUAVA-174_1,smt-168,solve,16,UNSAT
GUAVA-174_1,smt-168,update,0,
SPOON-151_1,smt-345,check,0,true
GUAVA-174_1,smt-215,check,1,false
SPOON-151_1,smt-868,check,3,false
FASTJSON-104_1,smt-79,solve,128,UNSAT
FASTJSON-104_1,smt-79,update,0,
FASTJSON-105_1,smt-287,solve,105,UNSAT
FASTJSON-105_1,smt-287,update,0,
FASTJSON-104_1,smt-8,check,0,false
FASTJSON-105_1,smt-326,check,0,false
FASTJSON-104_1,smt-8,solve,3,SAT
FASTJSON-104_1,smt-19,check,0,false
FASTJSON-104_1,smt-19,solve,3,SAT
FASTJSON-105_1,smt-326,solve,5,SAT
FASTJSON-105_1,smt-150,check,0,false
FASTJSON-105_1,smt-150,solve,4,SAT
GUAVA-78_1,smt-154,check,0,true
FASTJSON-105_1,smt-250,check,0,false
SPOON-151_1,smt-868,solve,97,UNSAT
SPOON-151_1,smt-868,update,0,
GUAVA-78_1,smt-116,check,1,false
FASTJSON-104_1,smt-95,check,2,false
SPOON-151_1,smt-472,check,1,true
SPOON-151_1,smt-97,check,1,false
FASTJSON-105_1,smt-250,solve,67,SAT
FASTJSON-105_1,smt-48,check,0,false
FASTJSON-105_1,smt-48,solve,3,SAT
FASTJSON-105_1,smt-18,check,0,false
FASTJSON-105_1,smt-18,solve,3,SAT
FASTJSON-105_1,smt-92,check,0,false
FASTJSON-105_1,smt-92,solve,4,SAT
FASTJSON-105_1,smt-100,check,0,false
FASTJSON-105_1,smt-100,solve,4,SAT
FASTJSON-105_1,smt-230,check,0,false
FASTJSON-105_1,smt-230,solve,4,SAT
FASTJSON-105_1,smt-174,check,0,false
FASTJSON-105_1,smt-174,solve,5,SAT
FASTJSON-105_1,smt-329,check,0,false
FASTJSON-105_1,smt-329,solve,93,SAT
FASTJSON-105_1,smt-59,check,0,false
FASTJSON-105_1,smt-59,solve,3,SAT
FASTJSON-105_1,smt-141,check,0,false
FASTJSON-105_1,smt-141,solve,2,UNSAT
FASTJSON-105_1,smt-141,update,0,
FASTJSON-105_1,smt-42,check,0,false
FASTJSON-105_1,smt-42,solve,3,SAT
FASTJSON-105_1,smt-82,check,0,false
SPOON-151_1,smt-97,solve,383,SAT
FASTJSON-105_1,smt-82,solve,3,SAT
FASTJSON-105_1,smt-4,check,0,false
SPOON-151_1,smt-1149,check,0,true
FASTJSON-105_1,smt-4,solve,3,SAT
FASTJSON-105_1,smt-319,check,0,true
SPOON-151_1,smt-1136,check,0,true
SPOON-151_1,smt-985,check,1,true
SPOON-151_1,smt-337,check,0,true
FASTJSON-105_1,smt-171,check,1,false
SPOON-151_1,smt-1011,check,0,true
SPOON-151_1,smt-128,check,1,false
GUAVA-174_1,smt-215,solve,809,SAT
GUAVA-174_1,smt-40,check,0,false
GUAVA-174_1,smt-40,solve,2,SAT
GUAVA-174_1,smt-111,check,0,false
GUAVA-174_1,smt-111,solve,8,SAT
GUAVA-174_1,smt-20,check,1,false
SPOON-151_1,smt-128,solve,50,UNSAT
SPOON-151_1,smt-128,update,0,
SPOON-151_1,smt-835,check,4,false
GUAVA-174_1,smt-20,solve,51,UNSAT
GUAVA-174_1,smt-20,update,0,
GUAVA-174_1,smt-248,check,44,false
FASTJSON-104_1,smt-95,solve,553,UNSAT
FASTJSON-104_1,smt-95,update,0,
FASTJSON-104_1,smt-84,check,0,false
FASTJSON-104_1,smt-84,solve,5,SAT
FASTJSON-104_1,smt-78,check,0,false
FASTJSON-104_1,smt-78,solve,3,SAT
FASTJSON-104_1,smt-80,check,0,false
FASTJSON-105_1,smt-171,solve,159,UNSAT
FASTJSON-105_1,smt-171,update,0,
FASTJSON-105_1,smt-234,check,0,false
FASTJSON-105_1,smt-234,solve,4,SAT
FASTJSON-105_1,smt-66,check,0,false
FASTJSON-105_1,smt-66,solve,2,SAT
FASTJSON-105_1,smt-120,check,0,false
FASTJSON-105_1,smt-120,solve,2,SAT
FASTJSON-105_1,smt-121,check,0,false
FASTJSON-105_1,smt-121,solve,4,SAT
FASTJSON-105_1,smt-256,check,0,false
FASTJSON-105_1,smt-256,solve,105,SAT
FASTJSON-105_1,smt-268,check,0,false
FASTJSON-105_1,smt-268,solve,4,SAT
FASTJSON-105_1,smt-85,check,0,false
FASTJSON-105_1,smt-85,solve,3,SAT
FASTJSON-105_1,smt-331,check,0,false
FASTJSON-105_1,smt-331,solve,5,SAT
FASTJSON-105_1,smt-289,check,0,true
GUAVA-6_1,smt-119,solve,5004,UNKNOWN
FASTJSON-105_1,smt-104,check,0,false
FASTJSON-105_1,smt-104,solve,4,SAT
FASTJSON-105_1,smt-218,check,0,true
FASTJSON-105_1,smt-183,check,0,true
FASTJSON-105_1,smt-327,check,0,true
FASTJSON-105_1,smt-332,check,0,false
GUAVA-6_1,smt-41,check,0,false
GUAVA-6_1,smt-41,solve,2,SAT
GUAVA-6_1,smt-72,check,0,false
GUAVA-6_1,smt-72,solve,3,UNSAT
GUAVA-6_1,smt-72,update,0,
GUAVA-6_1,smt-136,check,0,false
GUAVA-6_1,smt-136,solve,12,UNSAT
GUAVA-6_1,smt-136,update,0,
GUAVA-6_1,smt-112,check,0,true
GUAVA-6_1,smt-6,check,0,false
GUAVA-6_1,smt-6,solve,4,SAT
GUAVA-6_1,smt-103,check,0,false
GUAVA-6_1,smt-103,solve,17,UNSAT
GUAVA-6_1,smt-103,update,0,
GUAVA-6_1,smt-126,check,0,true
GUAVA-6_1,smt-29,check,0,false
FASTJSON-104_1,smt-80,solve,1552,SAT
FASTJSON-49_1,smt-38,solve,2763,UNSAT
FASTJSON-49_1,smt-38,update,0,
FASTJSON-104_1,smt-33,check,0,false
FASTJSON-104_1,smt-33,solve,6,SAT
FASTJSON-104_1,smt-73,check,0,false
GUAVA-6_1,smt-29,solve,343,SAT
GUAVA-6_1,smt-5,check,0,false
FASTJSON-49_1,smt-25,check,0,false
GUAVA-6_1,smt-5,solve,872,SAT
GUAVA-6_1,smt-135,check,0,false
GUAVA-6_1,smt-135,solve,75,SAT
GUAVA-6_1,smt-86,check,0,true
GUAVA-6_1,smt-106,check,2,false
FASTJSON-104_1,smt-73,solve,1771,SAT
GUAVA-78_1,smt-116,solve,5009,UNKNOWN
FASTJSON-104_1,smt-93,check,0,false
FASTJSON-104_1,smt-93,solve,2,SAT
GUAVA-260_1,smt-479,solve,5003,UNKNOWN
FASTJSON-104_1,smt-70,check,0,false
GUAVA-78_1,smt-101,check,0,false
GUAVA-78_1,smt-101,solve,56,SAT
GUAVA-78_1,smt-30,check,0,false
GUAVA-78_1,smt-30,solve,54,SAT
GUAVA-78_1,smt-138,check,2,false
SPOON-151_1,smt-835,solve,5002,UNKNOWN
SPOON-151_1,smt-706,check,0,true
SPOON-151_1,smt-1050,check,0,true
SPOON-151_1,smt-134,check,0,true
SPOON-151_1,smt-216,check,0,true
SPOON-151_1,smt-365,check,1,false
GUAVA-260_1,smt-249,check,0,true
GUAVA-260_1,smt-387,check,0,false
GUAVA-260_1,smt-387,solve,11,SAT
GUAVA-260_1,smt-267,check,0,false
SPOON-151_1,smt-365,solve,30,UNSAT
SPOON-151_1,smt-365,update,0,
GUAVA-260_1,smt-267,solve,10,UNSAT
GUAVA-260_1,smt-267,update,0,
GUAVA-260_1,smt-471,check,0,true
GUAVA-260_1,smt-33,check,0,false
SPOON-151_1,smt-477,check,1,true
GUAVA-260_1,smt-33,solve,4,UNSAT
GUAVA-260_1,smt-33,update,0,
SPOON-151_1,smt-60,check,0,true
GUAVA-260_1,smt-73,check,0,false
SPOON-151_1,smt-144,check,0,true
SPOON-151_1,smt-785,check,0,true
GUAVA-260_1,smt-73,solve,6,SAT
GUAVA-260_1,smt-105,check,0,false
SPOON-151_1,smt-383,check,0,true
SPOON-151_1,smt-659,check,1,true
GUAVA-260_1,smt-105,solve,11,UNSAT
GUAVA-260_1,smt-105,update,0,
SPOON-151_1,smt-573,check,1,true
GUAVA-260_1,smt-117,check,0,false
SPOON-151_1,smt-904,check,1,false
GUAVA-260_1,smt-117,solve,6,SAT
GUAVA-260_1,smt-152,check,0,true
GUAVA-260_1,smt-236,check,0,true
GUAVA-260_1,smt-188,check,0,true
GUAVA-260_1,smt-172,check,0,false
GUAVA-260_1,smt-172,solve,4,UNSAT
GUAVA-260_1,smt-172,update,0,
GUAVA-260_1,smt-107,check,0,false
GUAVA-260_1,smt-107,solve,4,SAT
GUAVA-260_1,smt-155,check,0,false
GUAVA-260_1,smt-155,solve,8,SAT
GUAVA-260_1,smt-430,check,1,false
GUAVA-260_1,smt-430,solve,9,UNSAT
GUAVA-260_1,smt-430,update,0,
GUAVA-260_1,smt-241,check,1,false
GUAVA-260_1,smt-241,solve,17,SAT
GUAVA-260_1,smt-93,check,0,false
GUAVA-260_1,smt-93,solve,3,SAT
GUAVA-260_1,smt-437,check,1,false
GUAVA-260_1,smt-437,solve,29,SAT
GUAVA-260_1,smt-70,check,0,false
GUAVA-260_1,smt-70,solve,4,SAT
SPOON-151_1,smt-904,solve,408,SAT
GUAVA-260_1,smt-265,check,0,false
SPOON-151_1,smt-356,check,0,true
GUAVA-260_1,smt-265,solve,6,UNSAT
GUAVA-260_1,smt-265,update,0,
GUAVA-260_1,smt-295,check,0,false
SPOON-151_1,smt-808,check,1,true
SPOON-151_1,smt-1153,check,1,true
SPOON-151_1,smt-38,check,0,true
GUAVA-260_1,smt-295,solve,9,SAT
GUAVA-260_1,smt-261,check,0,false
SPOON-151_1,smt-968,check,1,true
SPOON-151_1,smt-989,check,3,false
GUAVA-260_1,smt-261,solve,9,SAT
GUAVA-260_1,smt-96,check,0,false
GUAVA-260_1,smt-96,solve,4,SAT
GUAVA-260_1,smt-231,check,1,true
GUAVA-260_1,smt-91,check,0,false
GUAVA-260_1,smt-91,solve,5,SAT
GUAVA-260_1,smt-247,check,0,false
FASTJSON-104_1,smt-70,solve,1772,SAT
GUAVA-260_1,smt-247,solve,7,SAT
GUAVA-260_1,smt-258,check,0,false
GUAVA-260_1,smt-258,solve,9,SAT
GUAVA-260_1,smt-35,check,0,true
GUAVA-260_1,smt-98,check,0,false
GUAVA-260_1,smt-98,solve,10,SAT
GUAVA-260_1,smt-436,check,1,false
FASTJSON-104_1,smt-96,check,0,false
GUAVA-260_1,smt-436,solve,10,SAT
FASTJSON-104_1,smt-96,solve,5,SAT
GUAVA-260_1,smt-298,check,1,false
FASTJSON-104_1,smt-91,check,0,false
GUAVA-260_1,smt-298,solve,9,UNSAT
GUAVA-260_1,smt-298,update,0,
GUAVA-260_1,smt-56,check,0,false
GUAVA-260_1,smt-56,solve,4,UNSAT
GUAVA-260_1,smt-56,update,0,
GUAVA-260_1,smt-346,check,1,false
FASTJSON-104_1,smt-91,solve,48,UNSAT
FASTJSON-104_1,smt-91,update,0,
FASTJSON-104_1,smt-35,check,0,false
GUAVA-260_1,smt-346,solve,19,SAT
FASTJSON-105_1,smt-332,solve,5002,UNKNOWN
FASTJSON-104_1,smt-35,solve,3,SAT
GUAVA-260_1,smt-28,check,0,false
FASTJSON-104_1,smt-98,check,0,false
GUAVA-260_1,smt-28,solve,3,SAT
GUAVA-260_1,smt-286,check,2,false
FASTJSON-105_1,smt-199,check,0,false
FASTJSON-105_1,smt-199,solve,5,SAT
FASTJSON-105_1,smt-313,check,0,false
GUAVA-260_1,smt-286,solve,19,UNSAT
GUAVA-260_1,smt-286,update,0,
GUAVA-260_1,smt-129,check,1,false
GUAVA-260_1,smt-129,solve,6,SAT
GUAVA-260_1,smt-180,check,0,false
GUAVA-260_1,smt-180,solve,6,SAT
GUAVA-260_1,smt-397,check,0,true
GUAVA-260_1,smt-34,check,0,false
GUAVA-260_1,smt-34,solve,3,SAT
GUAVA-260_1,smt-208,check,3,false
FASTJSON-105_1,smt-313,solve,108,SAT
FASTJSON-105_1,smt-127,check,0,false
FASTJSON-105_1,smt-127,solve,3,SAT
FASTJSON-105_1,smt-24,check,0,false
FASTJSON-105_1,smt-24,solve,2,SAT
GUAVA-260_1,smt-208,solve,11,UNSAT
GUAVA-260_1,smt-208,update,0,
FASTJSON-105_1,smt-36,check,0,false
GUAVA-260_1,smt-244,check,0,false
FASTJSON-105_1,smt-36,solve,3,SAT
FASTJSON-105_1,smt-207,check,0,false
GUAVA-260_1,smt-244,solve,6,UNSAT
GUAVA-260_1,smt-244,update,0,
FASTJSON-105_1,smt-207,solve,4,SAT
FASTJSON-105_1,smt-76,check,0,false
GUAVA-260_1,smt-381,check,1,false
FASTJSON-105_1,smt-76,solve,3,SAT
FASTJSON-105_1,smt-315,check,0,false
GUAVA-174_1,smt-248,solve,5410,UNKNOWN
GUAVA-260_1,smt-381,solve,8,UNSAT
GUAVA-260_1,smt-381,update,0,
GUAVA-260_1,smt-378,check,0,false
GUAVA-260_1,smt-378,solve,17,SAT
GUAVA-260_1,smt-201,check,0,true
GUAVA-260_1,smt-169,check,0,false
GUAVA-260_1,smt-169,solve,5,SAT
GUAVA-260_1,smt-68,check,0,false
FASTJSON-105_1,smt-315,solve,103,SAT
FASTJSON-105_1,smt-97,check,0,false
FASTJSON-105_1,smt-97,solve,3,SAT
GUAVA-260_1,smt-68,solve,18,SAT
FASTJSON-105_1,smt-128,check,0,false
GUAVA-260_1,smt-160,check,0,false
FASTJSON-105_1,smt-128,solve,3,SAT
FASTJSON-105_1,smt-134,check,0,false
GUAVA-260_1,smt-160,solve,5,SAT
GUAVA-260_1,smt-11,check,0,false
FASTJSON-105_1,smt-134,solve,2,SAT
GUAVA-260_1,smt-11,solve,3,SAT
GUAVA-260_1,smt-50,check,0,false
FASTJSON-105_1,smt-216,check,0,true
FASTJSON-105_1,smt-60,check,0,false
FASTJSON-105_1,smt-60,solve,5,SAT
FASTJSON-105_1,smt-144,check,0,false
FASTJSON-105_1,smt-144,solve,4,SAT
GUAVA-260_1,smt-50,solve,38,SAT
FASTJSON-105_1,smt-38,check,0,false
FASTJSON-105_1,smt-38,solve,3,SAT
GUAVA-260_1,smt-336,check,0,true
GUAVA-260_1,smt-217,check,1,false
FASTJSON-105_1,smt-182,check,0,false
FASTJSON-105_1,smt-182,solve,4,SAT
FASTJSON-105_1,smt-175,check,0,false
GUAVA-260_1,smt-217,solve,9,UNSAT
GUAVA-260_1,smt-217,update,0,
FASTJSON-105_1,smt-175,solve,3,UNSAT
FASTJSON-105_1,smt-175,update,0,
FASTJSON-105_1,smt-45,check,0,false
GUAVA-260_1,smt-320,check,0,false
FASTJSON-105_1,smt-45,solve,3,SAT
FASTJSON-105_1,smt-274,check,0,false
GUAVA-260_1,smt-320,solve,6,UNSAT
GUAVA-260_1,smt-320,update,0,
GUAVA-260_1,smt-44,check,0,false
FASTJSON-105_1,smt-274,solve,6,SAT
FASTJSON-105_1,smt-259,check,0,false
GUAVA-260_1,smt-44,solve,7,SAT
FASTJSON-105_1,smt-259,solve,6,SAT
GUAVA-260_1,smt-290,check,1,false
FASTJSON-105_1,smt-285,check,0,false
FASTJSON-105_1,smt-285,solve,4,SAT
FASTJSON-105_1,smt-64,check,0,false
GUAVA-260_1,smt-290,solve,8,SAT
GUAVA-260_1,smt-263,check,2,false
FASTJSON-105_1,smt-64,solve,5,SAT
FASTJSON-105_1,smt-25,check,0,false
FASTJSON-105_1,smt-25,solve,3,SAT
FASTJSON-105_1,smt-278,check,0,false
GUAVA-78_1,smt-138,solve,2420,UNSAT
GUAVA-78_1,smt-138,update,0,
GUAVA-260_1,smt-263,solve,13,UNSAT
GUAVA-260_1,smt-263,update,0,
GUAVA-260_1,smt-16,check,0,false
GUAVA-260_1,smt-16,solve,3,SAT
GUAVA-260_1,smt-459,check,2,false
FASTJSON-105_1,smt-278,solve,96,SAT
GUAVA-260_1,smt-459,solve,23,SAT
FASTJSON-105_1,smt-304,check,0,true
FASTJSON-105_1,smt-32,check,0,false
GUAVA-260_1,smt-371,check,0,true
GUAVA-260_1,smt-288,check,1,false
FASTJSON-49_1,smt-25,solve,5002,UNKNOWN
FASTJSON-105_1,smt-32,solve,3,SAT
FASTJSON-105_1,smt-283,check,0,false
FASTJSON-105_1,smt-283,solve,3,SAT
FASTJSON-105_1,smt-318,check,0,false
GUAVA-260_1,smt-288,solve,17,SAT
GUAVA-260_1,smt-146,check,0,false
GUAVA-260_1,smt-146,solve,2,SAT
GUAVA-260_1,smt-226,check,0,true
GUAVA-260_1,smt-125,check,0,false
GUAVA-260_1,smt-125,solve,4,UNSAT
GUAVA-260_1,smt-125,update,0,
GUAVA-260_1,smt-240,check,0,true
GUAVA-260_1,smt-238,check,0,false
FASTJSON-49_1,smt-32,check,0,false
GUAVA-260_1,smt-238,solve,5,UNSAT
GUAVA-260_1,smt-238,update,0,
FASTJSON-105_1,smt-318,solve,86,SAT
GUAVA-260_1,smt-94,check,1,false
FASTJSON-105_1,smt-99,check,0,false
FASTJSON-105_1,smt-99,solve,4,SAT
FASTJSON-105_1,smt-43,check,0,false
GUAVA-260_1,smt-94,solve,8,SAT
GUAVA-260_1,smt-309,check,1,false
FASTJSON-105_1,smt-43,solve,3,SAT
FASTJSON-105_1,smt-47,check,0,false
FASTJSON-105_1,smt-47,solve,3,SAT
GUAVA-78_1,smt-168,check,0,false
FASTJSON-105_1,smt-156,check,0,false
FASTJSON-105_1,smt-156,solve,3,SAT
GUAVA-260_1,smt-309,solve,17,SAT
FASTJSON-105_1,smt-124,check,0,false
GUAVA-260_1,smt-223,check,2,true
FASTJSON-105_1,smt-124,solve,3,SAT
GUAVA-260_1,smt-192,check,0,true
GUAVA-260_1,smt-177,check,0,false
FASTJSON-105_1,smt-262,check,0,false
GUAVA-260_1,smt-177,solve,8,SAT
GUAVA-260_1,smt-9,check,0,false
GUAVA-260_1,smt-9,solve,3,SAT
GUAVA-260_1,smt-12,check,0,false
GUAVA-260_1,smt-12,solve,3,SAT
GUAVA-260_1,smt-61,check,0,false
FASTJSON-105_1,smt-262,solve,54,SAT
FASTJSON-105_1,smt-154,check,0,false
GUAVA-260_1,smt-61,solve,3,SAT
FASTJSON-49_1,smt-32,solve,132,UNSAT
FASTJSON-49_1,smt-32,update,0,
GUAVA-260_1,smt-246,check,42,false
FASTJSON-105_1,smt-154,solve,3,SAT
FASTJSON-105_1,smt-116,check,0,false
FASTJSON-105_1,smt-116,solve,3,SAT
FASTJSON-105_1,smt-101,check,0,false
GUAVA-260_1,smt-246,solve,10,UNSAT
GUAVA-260_1,smt-246,update,0,
FASTJSON-49_1,smt-30,check,0,false
GUAVA-260_1,smt-170,check,0,true
GUAVA-260_1,smt-198,check,0,false
FASTJSON-105_1,smt-101,solve,3,SAT
FASTJSON-105_1,smt-308,check,0,false
GUAVA-260_1,smt-198,solve,3,UNSAT
GUAVA-260_1,smt-198,update,0,
FASTJSON-105_1,smt-308,solve,4,SAT
GUAVA-260_1,smt-400,check,1,false
FASTJSON-104_1,smt-98,solve,1852,SAT
FASTJSON-105_1,smt-228,check,0,true
FASTJSON-105_1,smt-30,check,0,false
FASTJSON-105_1,smt-30,solve,4,SAT
FASTJSON-49_1,smt-30,solve,50,SAT
FASTJSON-105_1,smt-302,check,0,false
GUAVA-260_1,smt-400,solve,18,UNSAT
GUAVA-260_1,smt-400,update,0,
GUAVA-260_1,smt-257,check,2,false
FASTJSON-105_1,smt-302,solve,8,SAT
FASTJSON-105_1,smt-138,check,0,false
FASTJSON-105_1,smt-138,solve,4,SAT
FASTJSON-105_1,smt-168,check,0,false
FASTJSON-105_1,smt-168,solve,3,SAT
FASTJSON-105_1,smt-215,check,0,false
FASTJSON-104_1,smt-56,check,0,false
GUAVA-260_1,smt-257,solve,21,SAT
FASTJSON-104_1,smt-56,solve,3,SAT
GUAVA-260_1,smt-273,check,2,true
FASTJSON-104_1,smt-28,check,0,false
GUAVA-260_1,smt-301,check,0,true
GUAVA-260_1,smt-382,check,0,false
FASTJSON-105_1,smt-215,solve,7,SAT
FASTJSON-105_1,smt-303,check,0,false
FASTJSON-104_1,smt-28,solve,3,SAT
FASTJSON-104_1,smt-34,check,0,false
FASTJSON-105_1,smt-303,solve,5,SAT
GUAVA-260_1,smt-382,solve,8,SAT
FASTJSON-104_1,smt-34,solve,4,SAT
FASTJSON-105_1,smt-40,check,0,false
GUAVA-260_1,smt-132,check,0,false
FASTJSON-104_1,smt-68,check,0,false
FASTJSON-105_1,smt-40,solve,3,SAT
FASTJSON-105_1,smt-317,check,0,false
FASTJSON-104_1,smt-68,solve,6,SAT
GUAVA-260_1,smt-132,solve,4,UNSAT
GUAVA-260_1,smt-132,update,0,
FASTJSON-104_1,smt-11,check,0,false
GUAVA-6_1,smt-106,solve,5002,UNKNOWN
FASTJSON-105_1,smt-317,solve,4,UNSAT
FASTJSON-105_1,smt-317,update,0,
GUAVA-260_1,smt-447,check,1,false
FASTJSON-104_1,smt-11,solve,3,SAT
FASTJSON-105_1,smt-111,check,0,false
FASTJSON-104_1,smt-50,check,0,false
FASTJSON-105_1,smt-111,solve,4,SAT
FASTJSON-105_1,smt-20,check,0,false
GUAVA-78_1,smt-168,solve,576,UNSAT
GUAVA-78_1,smt-168,update,0,
FASTJSON-105_1,smt-20,solve,3,SAT
FASTJSON-105_1,smt-248,check,0,false
GUAVA-260_1,smt-447,solve,24,SAT
FASTJSON-105_1,smt-248,solve,4,SAT
FASTJSON-105_1,smt-190,check,0,false
GUAVA-260_1,smt-108,check,0,false
FASTJSON-105_1,smt-190,solve,3,SAT
FASTJSON-105_1,smt-74,check,0,false
FASTJSON-104_1,smt-50,solve,36,UNSAT
GUAVA-260_1,smt-108,solve,4,UNSAT
GUAVA-260_1,smt-108,update,0,
FASTJSON-104_1,smt-50,update,0,
GUAVA-260_1,smt-277,check,1,false
FASTJSON-105_1,smt-74,solve,5,SAT
FASTJSON-104_1,smt-44,check,0,false
FASTJSON-105_1,smt-69,check,0,false
FASTJSON-105_1,smt-69,solve,3,SAT
GUAVA-78_1,smt-40,check,0,false
FASTJSON-105_1,smt-3,check,1,false
GUAVA-260_1,smt-277,solve,15,UNSAT
GUAVA-260_1,smt-277,update,0,
GUAVA-260_1,smt-431,check,0,true
GUAVA-78_1,smt-40,solve,11,SAT
GUAVA-260_1,smt-196,check,1,true
GUAVA-260_1,smt-443,check,0,false
GUAVA-78_1,smt-111,check,0,false
GUAVA-260_1,smt-443,solve,7,UNSAT
GUAVA-260_1,smt-443,update,0,
GUAVA-174_1,smt-190,check,1,false
GUAVA-260_1,smt-205,check,0,true
GUAVA-260_1,smt-428,check,2,false
GUAVA-260_1,smt-428,solve,12,UNSAT
GUAVA-260_1,smt-428,update,0,
GUAVA-260_1,smt-163,check,0,false
GUAVA-6_1,smt-15,check,0,false
GUAVA-6_1,smt-15,solve,8,SAT
GUAVA-6_1,smt-14,check,0,false
GUAVA-260_1,smt-163,solve,10,SAT
GUAVA-260_1,smt-22,check,0,false
GUAVA-260_1,smt-22,solve,3,SAT
GUAVA-260_1,smt-224,check,0,false
GUAVA-174_1,smt-190,solve,40,UNSAT
GUAVA-174_1,smt-190,update,0,
GUAVA-260_1,smt-224,solve,3,UNSAT
GUAVA-6_1,smt-14,solve,28,SAT
GUAVA-260_1,smt-224,update,0,
GUAVA-174_1,smt-74,check,0,false
GUAVA-260_1,smt-388,check,0,false
GUAVA-174_1,smt-74,solve,3,SAT
GUAVA-260_1,smt-388,solve,10,SAT
GUAVA-174_1,smt-69,check,0,false
GUAVA-260_1,smt-357,check,2,false
GUAVA-6_1,smt-131,check,0,true
GUAVA-6_1,smt-65,check,0,false
GUAVA-6_1,smt-65,solve,2,SAT
GUAVA-260_1,smt-357,solve,26,SAT
GUAVA-6_1,smt-113,check,1,true
GUAVA-260_1,smt-448,check,0,true
GUAVA-6_1,smt-54,check,0,false
GUAVA-260_1,smt-415,check,1,false
FASTJSON-49_1,smt-40,check,52,false
FASTJSON-105_1,smt-3,solve,209,UNSAT
FASTJSON-105_1,smt-3,update,0,
GUAVA-260_1,smt-415,solve,10,UNSAT
GUAVA-260_1,smt-415,update,0,
GUAVA-260_1,smt-275,check,2,false
GUAVA-6_1,smt-54,solve,49,SAT
GUAVA-6_1,smt-55,check,0,false
FASTJSON-105_1,smt-284,check,0,false
GUAVA-6_1,smt-55,solve,3,SAT
FASTJSON-105_1,smt-284,solve,3,UNSAT
FASTJSON-105_1,smt-284,update,0,
FASTJSON-105_1,smt-81,check,0,false
GUAVA-260_1,smt-275,solve,26,SAT
FASTJSON-105_1,smt-81,solve,4,SAT
FASTJSON-105_1,smt-179,check,0,false
GUAVA-260_1,smt-399,check,1,false
GUAVA-6_1,smt-109,check,0,true
GUAVA-6_1,smt-23,check,0,false
GUAVA-6_1,smt-23,solve,3,SAT
FASTJSON-105_1,smt-179,solve,6,SAT
GUAVA-6_1,smt-77,check,0,false
FASTJSON-105_1,smt-114,check,0,false
GUAVA-6_1,smt-77,solve,3,SAT
FASTJSON-105_1,smt-114,solve,3,SAT
GUAVA-260_1,smt-399,solve,13,SAT
SEATA-24_1,smt-1,check,0,false
FASTJSON-105_1,smt-139,check,0,false
GUAVA-260_1,smt-454,check,0,true
GUAVA-260_1,smt-62,check,0,false
FASTJSON-105_1,smt-139,solve,5,SAT
SEATA-24_1,smt-1,solve,5,SAT
FASTJSON-105_1,smt-10,check,0,false
SEATA-24_1,smt-31,check,0,false
GUAVA-260_1,smt-62,solve,5,SAT
FASTJSON-105_1,smt-10,solve,4,SAT
GUAVA-260_1,smt-63,check,0,true
GUAVA-260_1,smt-310,check,0,false
FASTJSON-105_1,smt-211,check,0,false
FASTJSON-105_1,smt-211,solve,4,SAT
SEATA-24_1,smt-31,solve,7,UNSAT
SEATA-24_1,smt-31,update,0,
FASTJSON-105_1,smt-49,check,0,false
SEATA-24_1,smt-7,check,0,false
GUAVA-260_1,smt-310,solve,9,SAT
SEATA-24_1,smt-7,solve,2,SAT
FASTJSON-105_1,smt-49,solve,4,SAT
GUAVA-260_1,smt-294,check,2,false
FASTJSON-105_1,smt-83,check,0,false
SEATA-24_1,smt-27,check,0,false
FASTJSON-105_1,smt-83,solve,3,SAT
FASTJSON-105_1,smt-13,check,0,false
FASTJSON-105_1,smt-13,solve,3,SAT
FASTJSON-105_1,smt-102,check,0,false
FASTJSON-105_1,smt-102,solve,3,SAT
FASTJSON-105_1,smt-17,check,0,false
GUAVA-260_1,smt-294,solve,20,UNSAT
GUAVA-260_1,smt-294,update,0,
FASTJSON-105_1,smt-17,solve,4,SAT
GUAVA-260_1,smt-119,check,1,false
FASTJSON-105_1,smt-21,check,0,false
FASTJSON-105_1,smt-21,solve,3,SAT
FASTJSON-105_1,smt-324,check,0,true
FASTJSON-105_1,smt-153,check,0,false
GUAVA-260_1,smt-119,solve,11,SAT
GUAVA-260_1,smt-41,check,0,false
FASTJSON-105_1,smt-153,solve,3,SAT
FASTJSON-105_1,smt-58,check,0,false
GUAVA-260_1,smt-41,solve,3,SAT
FASTJSON-105_1,smt-58,solve,3,SAT
GUAVA-260_1,smt-478,check,0,true
FASTJSON-105_1,smt-51,check,0,false
GUAVA-260_1,smt-348,check,0,false
FASTJSON-105_1,smt-51,solve,3,SAT
GUAVA-260_1,smt-348,solve,4,UNSAT
GUAVA-260_1,smt-348,update,0,
GUAVA-260_1,smt-444,check,0,true
GUAVA-260_1,smt-194,check,0,false
FASTJSON-105_1,smt-176,check,0,true
FASTJSON-105_1,smt-186,check,0,false
FASTJSON-105_1,smt-186,solve,4,SAT
FASTJSON-105_1,smt-133,check,0,false
GUAVA-260_1,smt-194,solve,6,SAT
GUAVA-260_1,smt-72,check,0,true
GUAVA-260_1,smt-455,check,0,false
FASTJSON-104_1,smt-44,solve,1142,SAT
FASTJSON-105_1,smt-133,solve,5,SAT
FASTJSON-105_1,smt-206,check,0,false
FASTJSON-105_1,smt-206,solve,5,SAT
FASTJSON-105_1,smt-71,check,0,false
GUAVA-260_1,smt-455,solve,12,SAT
GUAVA-260_1,smt-260,check,0,true
GUAVA-260_1,smt-136,check,0,true
FASTJSON-105_1,smt-71,solve,4,SAT
GUAVA-260_1,smt-166,check,0,true
FASTJSON-105_1,smt-26,check,0,false
GUAVA-260_1,smt-296,check,1,false
FASTJSON-105_1,smt-26,solve,4,SAT
FASTJSON-105_1,smt-118,check,0,false
FASTJSON-105_1,smt-118,solve,3,SAT
GUAVA-260_1,smt-296,solve,9,SAT
FASTJSON-105_1,smt-212,check,0,false
FASTJSON-104_1,smt-16,check,0,false
GUAVA-260_1,smt-140,check,0,false
FASTJSON-104_1,smt-16,solve,2,SAT
FASTJSON-105_1,smt-212,solve,4,SAT
GUAVA-78_1,smt-111,solve,1169,SAT
FASTJSON-105_1,smt-306,check,0,false
GUAVA-260_1,smt-140,solve,5,SAT
GUAVA-260_1,smt-157,check,0,true
GUAVA-260_1,smt-299,check,1,true
GUAVA-260_1,smt-451,check,0,true
FASTJSON-104_1,smt-94,check,1,false
GUAVA-260_1,smt-293,check,1,true
GUAVA-260_1,smt-423,check,0,false
GUAVA-260_1,smt-423,solve,4,SAT
GUAVA-78_1,smt-20,check,0,false
GUAVA-260_1,smt-434,check,0,true
GUAVA-260_1,smt-352,check,1,true
GUAVA-260_1,smt-461,check,2,false
GUAVA-260_1,smt-461,solve,24,SAT
GUAVA-260_1,smt-462,check,0,false
FASTJSON-105_1,smt-306,solve,120,SAT
GUAVA-260_1,smt-462,solve,4,SAT
FASTJSON-105_1,smt-137,check,0,false
GUAVA-260_1,smt-409,check,0,true
GUAVA-260_1,smt-334,check,0,false
FASTJSON-105_1,smt-137,solve,3,SAT
GUAVA-78_1,smt-20,solve,147,UNSAT
GUAVA-78_1,smt-20,update,0,
FASTJSON-105_1,smt-255,check,0,true
GUAVA-260_1,smt-334,solve,13,SAT
FASTJSON-105_1,smt-239,check,0,false
GUAVA-260_1,smt-457,check,0,false
GUAVA-78_1,smt-74,check,0,false
GUAVA-260_1,smt-457,solve,11,SAT
GUAVA-78_1,smt-74,solve,65,SAT
GUAVA-78_1,smt-69,check,0,false
GUAVA-260_1,smt-473,check,42,false
FASTJSON-105_1,smt-239,solve,133,SAT
GUAVA-174_1,smt-69,solve,1359,SAT
GUAVA-174_1,smt-3,check,0,false
FASTJSON-105_1,smt-203,check,4,true
FASTJSON-105_1,smt-130,check,0,false
FASTJSON-105_1,smt-130,solve,3,SAT
FASTJSON-105_1,smt-209,check,0,false
GUAVA-78_1,smt-69,solve,87,SAT
GUAVA-174_1,smt-3,solve,14,UNSAT
GUAVA-174_1,smt-3,update,0,
GUAVA-174_1,smt-81,check,0,false
FASTJSON-105_1,smt-209,solve,4,SAT
FASTJSON-105_1,smt-148,check,0,false
FASTJSON-105_1,smt-148,solve,4,SAT
GUAVA-174_1,smt-81,solve,11,SAT
GUAVA-78_1,smt-3,check,0,false
FASTJSON-105_1,smt-253,check,0,true
FASTJSON-105_1,smt-269,check,0,false
GUAVA-174_1,smt-179,check,0,false
GUAVA-78_1,smt-3,solve,3,SAT
FASTJSON-104_1,smt-94,solve,238,UNSAT
FASTJSON-104_1,smt-94,update,0,
GUAVA-78_1,smt-81,check,0,false
GUAVA-174_1,smt-179,solve,21,SAT
GUAVA-174_1,smt-114,check,0,false
FASTJSON-104_1,smt-9,check,0,false
GUAVA-174_1,smt-114,solve,3,SAT
FASTJSON-104_1,smt-9,solve,3,SAT
GUAVA-174_1,smt-139,check,0,false
FASTJSON-104_1,smt-12,check,0,false
GUAVA-78_1,smt-81,solve,65,SAT
GUAVA-174_1,smt-139,solve,11,UNSAT
GUAVA-174_1,smt-139,update,0,
SPOON-151_1,smt-989,solve,5002,UNKNOWN
GUAVA-174_1,smt-10,check,0,false
GUAVA-174_1,smt-10,solve,3,SAT
FASTJSON-105_1,smt-269,solve,130,SAT
GUAVA-174_1,smt-211,check,1,false
FASTJSON-105_1,smt-159,check,0,false
SPOON-151_1,smt-633,check,1,true
SPOON-151_1,smt-182,check,0,true
FASTJSON-105_1,smt-159,solve,4,SAT
SPOON-151_1,smt-175,check,1,false
FASTJSON-105_1,smt-272,check,0,false
GUAVA-78_1,smt-114,check,1,false
GUAVA-174_1,smt-211,solve,83,UNSAT
GUAVA-174_1,smt-211,update,0,
GUAVA-174_1,smt-49,check,0,false
FASTJSON-105_1,smt-272,solve,118,SAT
GUAVA-174_1,smt-49,solve,4,SAT
GUAVA-174_1,smt-83,check,0,false
FASTJSON-105_1,smt-110,check,0,false
GUAVA-174_1,smt-83,solve,4,SAT
GUAVA-174_1,smt-13,check,0,false
FASTJSON-105_1,smt-110,solve,3,SAT
FASTJSON-105_1,smt-219,check,0,false
GUAVA-174_1,smt-13,solve,3,SAT
GUAVA-174_1,smt-102,check,0,false
FASTJSON-105_1,smt-219,solve,6,SAT
FASTJSON-105_1,smt-322,check,0,true
FASTJSON-105_1,smt-52,check,0,false
FASTJSON-105_1,smt-52,solve,3,SAT
FASTJSON-105_1,smt-39,check,0,false
GUAVA-174_1,smt-102,solve,19,SAT
GUAVA-174_1,smt-17,check,0,false
FASTJSON-105_1,smt-39,solve,4,SAT
FASTJSON-105_1,smt-46,check,0,false
GUAVA-174_1,smt-17,solve,3,SAT
FASTJSON-105_1,smt-46,solve,3,SAT
GUAVA-174_1,smt-21,check,0,false
FASTJSON-105_1,smt-2,check,0,true
FASTJSON-105_1,smt-187,check,0,false
FASTJSON-105_1,smt-187,solve,4,SAT
FASTJSON-105_1,smt-123,check,0,false
FASTJSON-105_1,smt-123,solve,3,SAT
FASTJSON-105_1,smt-79,check,0,false
FASTJSON-105_1,smt-79,solve,3,SAT
FASTJSON-105_1,smt-8,check,0,false
FASTJSON-105_1,smt-8,solve,3,SAT
FASTJSON-105_1,smt-214,check,1,false
SPOON-151_1,smt-175,solve,734,SAT
SPOON-151_1,smt-803,check,1,true
SPOON-151_1,smt-813,check,1,true
SPOON-151_1,smt-440,check,0,true
SPOON-151_1,smt-778,check,1,true
SPOON-151_1,smt-628,check,0,true
SPOON-151_1,smt-629,check,1,true
SPOON-151_1,smt-682,check,1,true
SPOON-151_1,smt-452,check,0,true
FASTJSON-104_1,smt-12,solve,1153,SAT
SPOON-151_1,smt-45,check,1,false
FASTJSON-104_1,smt-61,check,0,true
FASTJSON-104_1,smt-22,check,0,false
FASTJSON-104_1,smt-22,solve,2,SAT
FASTJSON-104_1,smt-62,check,0,false
FASTJSON-104_1,smt-62,solve,2,SAT
FASTJSON-104_1,smt-63,check,0,false
GUAVA-174_1,smt-21,solve,927,SAT
GUAVA-174_1,smt-153,check,1,false
GUAVA-174_1,smt-153,solve,18,UNSAT
GUAVA-174_1,smt-153,update,0,
GUAVA-174_1,smt-58,check,0,false
SPOON-151_1,smt-45,solve,429,SAT
SPOON-151_1,smt-1117,check,3,false
SEATA-24_1,smt-27,solve,2858,SAT
GUAVA-174_1,smt-58,solve,48,UNSAT
GUAVA-174_1,smt-58,update,0,
GUAVA-174_1,smt-51,check,0,false
GUAVA-174_1,smt-51,solve,3,SAT
GUAVA-174_1,smt-176,check,0,false
SEATA-24_1,smt-18,check,0,false
GUAVA-174_1,smt-176,solve,84,SAT
GUAVA-174_1,smt-186,check,0,false
GUAVA-174_1,smt-186,solve,3,SAT
GUAVA-174_1,smt-133,check,0,false
SEATA-24_1,smt-18,solve,41,UNSAT
SEATA-24_1,smt-18,update,0,
GUAVA-174_1,smt-133,solve,15,UNSAT
GUAVA-174_1,smt-133,update,0,
SEATA-24_1,smt-4,check,0,false
GUAVA-174_1,smt-206,check,1,false
GUAVA-174_1,smt-206,solve,18,UNSAT
GUAVA-174_1,smt-206,update,0,
GUAVA-174_1,smt-71,check,0,false
GUAVA-174_1,smt-71,solve,5,SAT
GUAVA-174_1,smt-26,check,0,false
SPOON-151_1,smt-1117,solve,429,SAT
GUAVA-174_1,smt-26,solve,9,SAT
GUAVA-174_1,smt-118,check,0,false
SPOON-151_1,smt-422,check,0,true
SPOON-151_1,smt-274,check,0,false
GUAVA-174_1,smt-118,solve,19,UNSAT
GUAVA-174_1,smt-118,update,0,
GUAVA-174_1,smt-212,check,1,false
SPOON-151_1,smt-274,solve,63,UNSAT
SPOON-151_1,smt-274,update,0,
SPOON-151_1,smt-259,check,1,true
SPOON-151_1,smt-1146,check,2,false
FASTJSON-104_1,smt-63,solve,1457,SAT
FASTJSON-104_1,smt-41,check,0,false
FASTJSON-104_1,smt-41,solve,10,SAT
FASTJSON-104_1,smt-72,check,0,false
GUAVA-260_1,smt-473,solve,2519,SAT
FASTJSON-104_1,smt-72,solve,3,UNSAT
FASTJSON-104_1,smt-72,update,0,
FASTJSON-104_1,smt-6,check,0,false
FASTJSON-104_1,smt-6,solve,2,SAT
FASTJSON-104_1,smt-29,check,0,false
FASTJSON-104_1,smt-29,solve,2,SAT
FASTJSON-104_1,smt-5,check,0,false
FASTJSON-104_1,smt-5,solve,3,SAT
FASTJSON-104_1,smt-86,check,0,false
FASTJSON-104_1,smt-86,solve,3,SAT
FASTJSON-104_1,smt-15,check,0,false
FASTJSON-104_1,smt-15,solve,3,SAT
FASTJSON-104_1,smt-14,check,0,false
GUAVA-260_1,smt-373,check,1,true
GUAVA-260_1,smt-350,check,1,false
FASTJSON-104_1,smt-14,solve,5,SAT
FASTJSON-104_1,smt-65,check,0,false
GUAVA-260_1,smt-350,solve,8,SAT
GUAVA-260_1,smt-112,check,0,false
GUAVA-260_1,smt-112,solve,5,UNSAT
GUAVA-260_1,smt-112,update,0,
GUAVA-260_1,smt-292,check,1,false
GUAVA-260_1,smt-292,solve,8,SAT
GUAVA-260_1,smt-6,check,0,false
GUAVA-260_1,smt-6,solve,3,SAT
GUAVA-260_1,smt-103,check,0,false
GUAVA-260_1,smt-103,solve,8,SAT
GUAVA-260_1,smt-418,check,2,false
GUAVA-260_1,smt-418,solve,41,UNSAT
GUAVA-260_1,smt-418,update,0,
SPOON-151_1,smt-1146,solve,990,SAT
GUAVA-260_1,smt-126,check,0,true
GUAVA-260_1,smt-404,check,1,true
GUAVA-260_1,smt-405,check,1,false
SPOON-151_1,smt-991,check,0,true
SPOON-151_1,smt-1161,check,0,true
GUAVA-260_1,smt-405,solve,19,SAT
SPOON-151_1,smt-545,check,1,true
GUAVA-260_1,smt-358,check,1,false
SPOON-151_1,smt-424,check,1,true
SPOON-151_1,smt-285,check,1,true
SPOON-151_1,smt-64,check,1,false
GUAVA-260_1,smt-358,solve,15,SAT
GUAVA-260_1,smt-29,check,0,false
GUAVA-260_1,smt-29,solve,5,SAT
GUAVA-260_1,smt-5,check,0,false
GUAVA-260_1,smt-5,solve,14,SAT
GUAVA-260_1,smt-417,check,0,false
SPOON-151_1,smt-64,solve,30,UNSAT
SPOON-151_1,smt-64,update,0,
GUAVA-260_1,smt-417,solve,4,SAT
GUAVA-260_1,smt-178,check,0,true
SPOON-151_1,smt-25,check,1,false
GUAVA-260_1,smt-135,check,0,false
GUAVA-260_1,smt-135,solve,4,SAT
GUAVA-260_1,smt-368,check,1,true
GUAVA-260_1,smt-351,check,0,true
GUAVA-260_1,smt-438,check,0,true
GUAVA-260_1,smt-143,check,0,true
GUAVA-260_1,smt-86,check,0,false
GUAVA-260_1,smt-86,solve,4,SAT
GUAVA-260_1,smt-245,check,2,false
SEATA-24_1,smt-4,solve,1819,SAT
GUAVA-260_1,smt-245,solve,10,UNSAT
GUAVA-260_1,smt-245,update,0,
GUAVA-260_1,smt-185,check,0,true
GUAVA-260_1,smt-354,check,0,true
GUAVA-260_1,smt-106,check,0,true
GUAVA-260_1,smt-15,check,0,false
GUAVA-174_1,smt-212,solve,1523,SAT
GUAVA-260_1,smt-15,solve,5,SAT
SEATA-24_1,smt-24,check,0,false
GUAVA-260_1,smt-189,check,1,false
GUAVA-260_1,smt-189,solve,10,SAT
GUAVA-260_1,smt-408,check,0,true
GUAVA-174_1,smt-137,check,1,false
GUAVA-260_1,smt-276,check,1,true
GUAVA-260_1,smt-195,check,2,true
GUAVA-260_1,smt-279,check,2,false
GUAVA-260_1,smt-279,solve,7,SAT
GUAVA-260_1,smt-210,check,0,true
GUAVA-260_1,smt-254,check,5,true
GUAVA-260_1,smt-243,check,0,true
GUAVA-260_1,smt-328,check,2,false
SEATA-24_1,smt-24,solve,66,UNSAT
SEATA-24_1,smt-24,update,0,
SEATA-24_1,smt-36,check,0,false
GUAVA-260_1,smt-328,solve,17,SAT
GUAVA-260_1,smt-432,check,1,false
SEATA-24_1,smt-36,solve,8,SAT
SEATA-24_1,smt-25,check,0,false
GUAVA-260_1,smt-432,solve,9,UNSAT
GUAVA-260_1,smt-432,update,0,
SEATA-24_1,smt-25,solve,7,SAT
GUAVA-260_1,smt-450,check,3,false
SEATA-24_1,smt-32,check,0,false
GUAVA-260_1,smt-450,solve,18,SAT
GUAVA-260_1,smt-252,check,3,true
GUAVA-260_1,smt-14,check,0,false
GUAVA-260_1,smt-14,solve,2,SAT
GUAVA-174_1,smt-137,solve,272,SAT
GUAVA-260_1,smt-200,check,0,true
GUAVA-260_1,smt-463,check,0,true
GUAVA-260_1,smt-204,check,1,false
GUAVA-260_1,smt-204,solve,7,SAT
GUAVA-260_1,smt-235,check,1,true
GUAVA-260_1,smt-233,check,1,true
GUAVA-260_1,smt-330,check,5,false
SEATA-24_1,smt-32,solve,60,UNSAT
SEATA-24_1,smt-32,update,0,
SEATA-24_1,smt-30,check,0,false
SEATA-24_1,smt-30,solve,5,UNSAT
SEATA-24_1,smt-30,update,0,
SEATA-24_1,smt-20,check,0,false
GUAVA-260_1,smt-330,solve,55,UNSAT
GUAVA-260_1,smt-330,update,0,
GUAVA-260_1,smt-145,check,1,false
GUAVA-260_1,smt-145,solve,3,UNSAT
GUAVA-260_1,smt-145,update,0,
GUAVA-260_1,smt-221,check,2,true
GUAVA-260_1,smt-321,check,1,true
GUAVA-260_1,smt-131,check,1,false
GUAVA-260_1,smt-131,solve,5,UNSAT
GUAVA-260_1,smt-131,update,0,
GUAVA-260_1,smt-343,check,1,true
GUAVA-260_1,smt-65,check,0,false
GUAVA-260_1,smt-65,solve,5,SAT
GUAVA-260_1,smt-396,check,0,true
GUAVA-260_1,smt-367,check,1,false
GUAVA-174_1,smt-239,check,159,false
GUAVA-260_1,smt-367,solve,12,UNSAT
GUAVA-260_1,smt-367,update,0,
GUAVA-260_1,smt-374,check,2,true
GUAVA-260_1,smt-453,check,1,true
GUAVA-260_1,smt-113,check,0,false
GUAVA-260_1,smt-113,solve,4,SAT
GUAVA-260_1,smt-54,check,1,false
GUAVA-260_1,smt-54,solve,7,SAT
GUAVA-260_1,smt-467,check,1,true
GUAVA-260_1,smt-222,check,2,false
GUAVA-260_1,smt-222,solve,13,SAT
GUAVA-260_1,smt-446,check,5,false
GUAVA-260_1,smt-446,solve,28,SAT
GUAVA-260_1,smt-55,check,1,false
GUAVA-260_1,smt-55,solve,6,SAT
GUAVA-260_1,smt-184,check,0,false
GUAVA-78_1,smt-114,solve,5011,UNKNOWN
GUAVA-260_1,smt-184,solve,5,SAT
GUAVA-260_1,smt-181,check,1,false
GUAVA-260_1,smt-181,solve,7,SAT
GUAVA-260_1,smt-344,check,0,true
GUAVA-260_1,smt-213,check,1,true
GUAVA-260_1,smt-109,check,0,true
GUAVA-260_1,smt-165,check,0,true
GUAVA-260_1,smt-413,check,0,true
GUAVA-260_1,smt-193,check,1,true
GUAVA-260_1,smt-398,check,1,false
GUAVA-260_1,smt-398,solve,5,UNSAT
GUAVA-260_1,smt-398,update,0,
GUAVA-260_1,smt-369,check,1,false
GUAVA-260_1,smt-369,solve,11,SAT
GUAVA-260_1,smt-456,check,2,true
GUAVA-260_1,smt-427,check,1,false
GUAVA-260_1,smt-427,solve,11,SAT
FASTJSON-105_1,smt-214,solve,5002,UNKNOWN
GUAVA-78_1,smt-139,check,1,false
FASTJSON-105_1,smt-122,check,0,false
FASTJSON-105_1,smt-122,solve,3,SAT
FASTJSON-105_1,smt-19,check,0,false
FASTJSON-105_1,smt-19,solve,3,SAT
FASTJSON-105_1,smt-229,check,0,true
FASTJSON-105_1,smt-149,check,0,false
FASTJSON-105_1,smt-149,solve,4,SAT
FASTJSON-105_1,smt-95,check,0,false
FASTJSON-105_1,smt-95,solve,3,SAT
FASTJSON-105_1,smt-84,check,0,false
FASTJSON-105_1,smt-84,solve,3,UNSAT
FASTJSON-105_1,smt-84,update,0,
FASTJSON-105_1,smt-78,check,0,false
FASTJSON-105_1,smt-78,solve,3,SAT
FASTJSON-105_1,smt-251,check,0,false
GUAVA-260_1,smt-475,check,332,false
FASTJSON-105_1,smt-251,solve,130,SAT
FASTJSON-105_1,smt-164,check,0,true
FASTJSON-105_1,smt-151,check,0,false
FASTJSON-105_1,smt-151,solve,4,UNSAT
FASTJSON-105_1,smt-151,update,0,
FASTJSON-105_1,smt-80,check,0,false
FASTJSON-105_1,smt-80,solve,3,SAT
FASTJSON-105_1,smt-307,check,0,false
FASTJSON-105_1,smt-307,solve,133,SAT
FASTJSON-104_1,smt-65,solve,3350,SAT
FASTJSON-105_1,smt-115,check,0,false
FASTJSON-105_1,smt-115,solve,4,SAT
FASTJSON-105_1,smt-300,check,0,true
FASTJSON-105_1,smt-197,check,0,false
FASTJSON-105_1,smt-197,solve,4,SAT
FASTJSON-105_1,smt-242,check,0,false
SEATA-24_1,smt-20,solve,2056,SAT
FASTJSON-104_1,smt-54,check,0,false
FASTJSON-104_1,smt-54,solve,5,SAT
FASTJSON-104_1,smt-55,check,0,false
FASTJSON-105_1,smt-242,solve,128,SAT
SEATA-24_1,smt-3,check,0,false
FASTJSON-105_1,smt-291,check,0,false
FASTJSON-105_1,smt-291,solve,114,SAT
FASTJSON-105_1,smt-232,check,0,false
FASTJSON-105_1,smt-232,solve,123,SAT
FASTJSON-105_1,smt-314,check,72,true
FASTJSON-105_1,smt-316,check,0,false
FASTJSON-105_1,smt-316,solve,5,SAT
SEATA-24_1,smt-3,solve,499,SAT
FASTJSON-105_1,smt-161,check,2,true
FASTJSON-105_1,smt-249,check,0,false
SEATA-24_1,smt-10,check,0,false
SEATA-24_1,smt-10,solve,42,UNSAT
SEATA-24_1,smt-10,update,0,
FASTJSON-105_1,smt-249,solve,168,SAT
SEATA-24_1,smt-13,check,0,false
FASTJSON-105_1,smt-267,check,0,true
FASTJSON-105_1,smt-33,check,0,false
FASTJSON-105_1,smt-33,solve,3,SAT
FASTJSON-105_1,smt-73,check,0,false
FASTJSON-105_1,smt-73,solve,3,SAT
FASTJSON-105_1,smt-105,check,0,false
FASTJSON-105_1,smt-105,solve,3,SAT
FASTJSON-105_1,smt-117,check,0,false
FASTJSON-105_1,smt-117,solve,4,SAT
FASTJSON-105_1,smt-152,check,0,false
FASTJSON-105_1,smt-152,solve,3,SAT
FASTJSON-105_1,smt-236,check,0,false
FASTJSON-105_1,smt-236,solve,3,SAT
FASTJSON-105_1,smt-188,check,0,false
FASTJSON-105_1,smt-188,solve,3,SAT
FASTJSON-105_1,smt-172,check,0,false
SEATA-24_1,smt-13,solve,58,UNSAT
SEATA-24_1,smt-13,update,0,
FASTJSON-105_1,smt-172,solve,3,UNSAT
FASTJSON-105_1,smt-172,update,0,
FASTJSON-105_1,smt-107,check,0,false
FASTJSON-105_1,smt-107,solve,4,SAT
SEATA-24_1,smt-17,check,0,false
FASTJSON-105_1,smt-155,check,0,false
FASTJSON-105_1,smt-155,solve,4,SAT
FASTJSON-105_1,smt-241,check,0,true
FASTJSON-105_1,smt-93,check,0,false
FASTJSON-105_1,smt-93,solve,3,SAT
FASTJSON-105_1,smt-70,check,0,false
FASTJSON-105_1,smt-70,solve,4,SAT
FASTJSON-105_1,smt-265,check,0,false
FASTJSON-105_1,smt-265,solve,4,SAT
FASTJSON-105_1,smt-295,check,0,false
FASTJSON-105_1,smt-295,solve,7,SAT
FASTJSON-105_1,smt-261,check,0,false
SEATA-24_1,smt-17,solve,57,UNSAT
SEATA-24_1,smt-17,update,0,
SEATA-24_1,smt-21,check,0,false
FASTJSON-105_1,smt-261,solve,127,SAT
FASTJSON-105_1,smt-96,check,0,false
FASTJSON-105_1,smt-96,solve,3,SAT
FASTJSON-105_1,smt-231,check,0,true
FASTJSON-105_1,smt-91,check,0,false
FASTJSON-105_1,smt-91,solve,4,SAT
SEATA-24_1,smt-21,solve,73,UNSAT
SEATA-24_1,smt-21,update,0,
FASTJSON-105_1,smt-247,check,3,true
FASTJSON-105_1,smt-258,check,0,false
SEATA-24_1,smt-26,check,0,false
FASTJSON-104_1,smt-55,solve,1640,SAT
SEATA-24_1,smt-26,solve,4,UNSAT
SEATA-24_1,smt-26,update,0,
SEATA-24_1,smt-2,check,0,false
SEATA-24_1,smt-2,solve,3,SAT
SEATA-24_1,smt-8,check,0,false
SEATA-24_1,smt-8,solve,8,SAT
SEATA-24_1,smt-19,check,0,false
SEATA-24_1,smt-19,solve,4,UNSAT
SEATA-24_1,smt-19,update,0,
SEATA-24_1,smt-33,check,0,false
FASTJSON-105_1,smt-258,solve,96,SAT
FASTJSON-104_1,smt-23,check,0,true
FASTJSON-104_1,smt-77,check,0,false
FASTJSON-104_1,smt-77,solve,3,SAT
FASTJSON-105_1,smt-35,check,0,false
SPOON-19_1,smt-1,check,0,false
FASTJSON-105_1,smt-35,solve,4,SAT
FASTJSON-105_1,smt-98,check,0,false
FASTJSON-105_1,smt-98,solve,3,SAT
FASTJSON-105_1,smt-298,check,0,false
FASTJSON-105_1,smt-298,solve,3,SAT
FASTJSON-105_1,smt-56,check,0,false
SPOON-151_1,smt-25,solve,5003,UNKNOWN
FASTJSON-105_1,smt-56,solve,3,SAT
FASTJSON-105_1,smt-28,check,0,false
SEATA-24_1,smt-33,solve,50,UNSAT
SEATA-24_1,smt-33,update,0,
FASTJSON-105_1,smt-28,solve,4,SAT
SPOON-151_1,smt-988,check,0,true
FASTJSON-105_1,smt-286,check,0,true
FASTJSON-105_1,smt-129,check,0,false
SPOON-151_1,smt-278,check,0,true
FASTJSON-105_1,smt-129,solve,3,SAT
SPOON-151_1,smt-761,check,0,true
SEATA-24_1,smt-35,check,0,false
SPOON-151_1,smt-304,check,0,true
FASTJSON-105_1,smt-180,check,1,false
SPOON-151_1,smt-574,check,0,true
SPOON-151_1,smt-32,check,0,true
SPOON-151_1,smt-540,check,2,false
SPOON-19_1,smt-1,solve,283,SAT
SPOON-151_1,smt-540,solve,27,UNSAT
SPOON-151_1,smt-540,update,0,
SPOON-19_1,smt-7,check,0,false
SPOON-151_1,smt-1092,check,2,false
SEATA-24_1,smt-35,solve,58,UNSAT
SEATA-24_1,smt-35,update,0,
SEATA-24_1,smt-28,check,0,false
FASTJSON-105_1,smt-180,solve,111,UNSAT
FASTJSON-105_1,smt-180,update,0,
FASTJSON-105_1,smt-34,check,0,false
FASTJSON-105_1,smt-34,solve,2,SAT
FASTJSON-105_1,smt-208,check,0,false
FASTJSON-105_1,smt-208,solve,4,SAT
FASTJSON-105_1,smt-244,check,0,true
FASTJSON-105_1,smt-201,check,0,false
SEATA-24_1,smt-28,solve,72,UNSAT
SEATA-24_1,smt-28,update,0,
FASTJSON-105_1,smt-201,solve,3,SAT
SEATA-24_1,smt-34,check,0,false
FASTJSON-105_1,smt-169,check,1,false
SEATA-24_1,smt-34,solve,5,UNSAT
SEATA-24_1,smt-34,update,0,
SEATA-24_1,smt-11,check,0,false
SEATA-24_1,smt-11,solve,3,SAT
SEATA-24_1,smt-16,check,0,true
SEATA-24_1,smt-9,check,0,false
SPOON-19_1,smt-7,solve,395,SAT
SPOON-19_1,smt-18,check,0,false
FASTJSON-105_1,smt-169,solve,86,UNSAT
FASTJSON-105_1,smt-169,update,0,
FASTJSON-105_1,smt-68,check,0,false
FASTJSON-105_1,smt-68,solve,3,SAT
FASTJSON-105_1,smt-160,check,0,false
FASTJSON-105_1,smt-160,solve,3,SAT
FASTJSON-105_1,smt-11,check,0,false
SPOON-151_1,smt-1092,solve,586,SAT
FASTJSON-105_1,smt-11,solve,3,SAT
FASTJSON-105_1,smt-50,check,0,false
SPOON-151_1,smt-698,check,0,true
FASTJSON-105_1,smt-50,solve,4,SAT
FASTJSON-105_1,smt-217,check,0,false
SPOON-151_1,smt-995,check,1,true
FASTJSON-105_1,smt-217,solve,5,SAT
SPOON-151_1,smt-283,check,0,true
FASTJSON-105_1,smt-320,check,0,false
SPOON-151_1,smt-1174,check,3,false
SPOON-151_1,smt-1174,solve,43,UNSAT
SPOON-151_1,smt-1174,update,0,
FASTJSON-105_1,smt-320,solve,86,SAT
FASTJSON-105_1,smt-44,check,0,false
SPOON-151_1,smt-318,check,1,false
FASTJSON-105_1,smt-44,solve,3,SAT
FASTJSON-105_1,smt-290,check,0,false
FASTJSON-105_1,smt-290,solve,4,SAT
SPOON-19_1,smt-18,solve,474,SAT
FASTJSON-105_1,smt-263,check,0,false
FASTJSON-105_1,smt-263,solve,6,UNSAT
FASTJSON-105_1,smt-263,update,0,
FASTJSON-105_1,smt-16,check,0,false
SPOON-19_1,smt-4,check,0,false
FASTJSON-105_1,smt-16,solve,2,SAT
FASTJSON-105_1,smt-288,check,0,false
FASTJSON-105_1,smt-288,solve,8,SAT
FASTJSON-105_1,smt-146,check,0,false
SPOON-151_1,smt-318,solve,107,UNSAT
SPOON-151_1,smt-318,update,0,
FASTJSON-105_1,smt-146,solve,4,SAT
FASTJSON-105_1,smt-226,check,0,false
SPOON-151_1,smt-1044,check,0,true
FASTJSON-105_1,smt-226,solve,8,SAT
FASTJSON-105_1,smt-125,check,0,false
SPOON-151_1,smt-1009,check,0,true
SPOON-151_1,smt-1107,check,0,true
FASTJSON-105_1,smt-125,solve,4,SAT
FASTJSON-105_1,smt-240,check,0,false
SPOON-151_1,smt-734,check,0,true
SPOON-151_1,smt-1156,check,0,true
SPOON-151_1,smt-1088,check,2,false
FASTJSON-105_1,smt-240,solve,8,UNSAT
FASTJSON-105_1,smt-240,update,0,
FASTJSON-105_1,smt-238,check,0,true
FASTJSON-105_1,smt-94,check,0,false
FASTJSON-105_1,smt-94,solve,3,SAT
FASTJSON-105_1,smt-309,check,0,false
FASTJSON-105_1,smt-309,solve,3,UNSAT
FASTJSON-105_1,smt-309,update,0,
FASTJSON-105_1,smt-223,check,0,false
FASTJSON-105_1,smt-223,solve,4,SAT
FASTJSON-105_1,smt-192,check,2,true
SPOON-151_1,smt-1088,solve,42,UNSAT
SPOON-151_1,smt-1088,update,0,
FASTJSON-105_1,smt-177,check,2,true
FASTJSON-105_1,smt-9,check,0,false
SPOON-151_1,smt-575,check,3,false
FASTJSON-105_1,smt-9,solve,4,SAT
FASTJSON-105_1,smt-12,check,0,false
FASTJSON-105_1,smt-12,solve,4,SAT
SPOON-19_1,smt-4,solve,413,SAT
FASTJSON-105_1,smt-61,check,0,false
FASTJSON-105_1,smt-61,solve,3,SAT
FASTJSON-105_1,smt-246,check,0,false
SPOON-19_1,smt-3,check,0,false
FASTJSON-105_1,smt-246,solve,7,SAT
FASTJSON-105_1,smt-170,check,0,false
FASTJSON-105_1,smt-170,solve,6,UNSAT
FASTJSON-105_1,smt-170,update,0,
FASTJSON-105_1,smt-198,check,0,false
FASTJSON-105_1,smt-198,solve,3,SAT
FASTJSON-105_1,smt-257,check,0,true
SPOON-151_1,smt-575,solve,96,UNSAT
SPOON-151_1,smt-575,update,0,
FASTJSON-105_1,smt-273,check,0,false
SPOON-151_1,smt-99,check,0,true
FASTJSON-105_1,smt-273,solve,6,SAT
SPOON-151_1,smt-335,check,0,true
SPOON-151_1,smt-429,check,0,true
GUAVA-78_1,smt-139,solve,5003,UNKNOWN
FASTJSON-105_1,smt-301,check,1,false
SPOON-151_1,smt-826,check,1,true
SPOON-151_1,smt-43,check,0,true
SPOON-151_1,smt-697,check,0,true
SPOON-151_1,smt-47,check,1,false
SEATA-24_1,smt-9,solve,1530,SAT
SPOON-19_1,smt-3,solve,428,SAT
SEATA-24_1,smt-12,check,0,false
GUAVA-78_1,smt-10,check,0,false
GUAVA-78_1,smt-10,solve,3,SAT
SEATA-24_1,smt-12,solve,4,SAT
GUAVA-78_1,smt-49,check,0,false
SEATA-24_1,smt-22,check,0,false
SPOON-19_1,smt-10,check,0,false
GUAVA-78_1,smt-49,solve,90,SAT
GUAVA-78_1,smt-83,check,0,false
SEATA-24_1,smt-22,solve,57,UNSAT
SEATA-24_1,smt-22,update,0,
SEATA-24_1,smt-6,check,0,false
GUAVA-78_1,smt-83,solve,64,SAT
GUAVA-78_1,smt-13,check,0,true
SEATA-24_1,smt-6,solve,43,UNSAT
SEATA-24_1,smt-6,update,0,
SPOON-19_1,smt-10,solve,333,SAT
SEATA-24_1,smt-29,check,0,false
GUAVA-78_1,smt-102,check,0,false
SEATA-24_1,smt-29,solve,4,UNSAT
SEATA-24_1,smt-29,update,0,
SEATA-24_1,smt-5,check,0,false
SPOON-19_1,smt-13,check,0,false
SEATA-24_1,smt-5,solve,7,SAT
SEATA-24_1,smt-15,check,0,false
SEATA-24_1,smt-15,solve,10,UNSAT
SEATA-24_1,smt-15,update,0,
SEATA-24_1,smt-14,check,0,false
SEATA-24_1,smt-14,solve,68,UNSAT
SEATA-24_1,smt-14,update,0,
SEATA-24_1,smt-23,check,0,false
SPOON-19_1,smt-13,solve,392,SAT
SEATA-24_1,smt-23,solve,50,UNSAT
SEATA-24_1,smt-23,update,0,
SPOON-19_1,smt-17,check,0,false
FASTJSON-26_1,smt-57,check,0,false
GUAVA-174_1,smt-239,solve,5003,UNKNOWN
FASTJSON-26_1,smt-57,solve,176,UNSAT
FASTJSON-26_1,smt-57,update,0,
SPOON-19_1,smt-17,solve,420,SAT
FASTJSON-26_1,smt-173,check,0,false
SPOON-19_1,smt-2,check,0,false
FASTJSON-26_1,smt-173,solve,94,UNSAT
FASTJSON-26_1,smt-173,update,0,
FASTJSON-26_1,smt-225,check,0,false
SPOON-19_1,smt-2,solve,445,SAT
FASTJSON-26_1,smt-225,solve,69,UNSAT
FASTJSON-26_1,smt-225,update,0,
SPOON-19_1,smt-8,check,0,false
FASTJSON-26_1,smt-227,check,0,false
GUAVA-260_1,smt-475,solve,5002,UNKNOWN
GUAVA-260_1,smt-23,check,0,false
GUAVA-260_1,smt-23,solve,27,SAT
GUAVA-260_1,smt-77,check,0,false
GUAVA-260_1,smt-77,solve,8,SAT
GUAVA-260_1,smt-442,check,0,true
FASTJSON-93_1,smt-57,check,0,false
FASTJSON-93_1,smt-57,solve,14,SAT
FASTJSON-93_1,smt-37,check,0,false
SPOON-19_1,smt-8,solve,565,SAT
FASTJSON-93_1,smt-37,solve,4,UNSAT
FASTJSON-93_1,smt-37,update,0,
FASTJSON-93_1,smt-1,check,0,false
FASTJSON-93_1,smt-1,solve,4,SAT
FASTJSON-93_1,smt-31,check,0,false
SPOON-19_1,smt-11,check,0,false
FASTJSON-93_1,smt-31,solve,3,UNSAT
FASTJSON-93_1,smt-31,update,0,
FASTJSON-93_1,smt-53,check,0,false
FASTJSON-93_1,smt-53,solve,5,UNSAT
FASTJSON-93_1,smt-53,update,0,
FASTJSON-93_1,smt-7,check,0,false
FASTJSON-93_1,smt-7,solve,8,SAT
FASTJSON-93_1,smt-27,check,0,false
FASTJSON-93_1,smt-27,solve,4,UNSAT
FASTJSON-93_1,smt-27,update,0,
FASTJSON-93_1,smt-75,check,0,false
FASTJSON-93_1,smt-75,solve,6,SAT
FASTJSON-93_1,smt-67,check,0,false
FASTJSON-93_1,smt-67,solve,5,UNSAT
FASTJSON-93_1,smt-67,update,0,
FASTJSON-93_1,smt-48,check,0,false
FASTJSON-93_1,smt-48,solve,4,UNSAT
FASTJSON-93_1,smt-48,update,0,
GUAVA-174_1,smt-203,check,2,false
FASTJSON-93_1,smt-18,check,0,false
FASTJSON-93_1,smt-18,solve,3,SAT
FASTJSON-93_1,smt-59,check,0,false
FASTJSON-93_1,smt-59,solve,5,UNSAT
FASTJSON-93_1,smt-59,update,0,
FASTJSON-93_1,smt-42,check,0,false
FASTJSON-93_1,smt-42,solve,4,SAT
FASTJSON-93_1,smt-82,check,0,false
FASTJSON-93_1,smt-82,solve,3,UNSAT
FASTJSON-93_1,smt-82,update,0,
FASTJSON-93_1,smt-4,check,0,false
FASTJSON-93_1,smt-4,solve,5,SAT
FASTJSON-49_1,smt-40,solve,5045,UNKNOWN
FASTJSON-93_1,smt-66,check,0,false
FASTJSON-93_1,smt-66,solve,9,UNSAT
FASTJSON-93_1,smt-66,update,0,
FASTJSON-93_1,smt-85,check,0,false
FASTJSON-93_1,smt-85,solve,5,UNSAT
FASTJSON-93_1,smt-85,update,0,
FASTJSON-93_1,smt-24,check,0,false
FASTJSON-93_1,smt-24,solve,3,SAT
FASTJSON-93_1,smt-36,check,0,false
SPOON-19_1,smt-11,solve,466,SAT
FASTJSON-93_1,smt-36,solve,6,SAT
FASTJSON-93_1,smt-76,check,0,false
FASTJSON-93_1,smt-76,solve,4,UNSAT
FASTJSON-93_1,smt-76,update,0,
FASTJSON-93_1,smt-60,check,0,false
FASTJSON-93_1,smt-60,solve,4,UNSAT
FASTJSON-93_1,smt-60,update,0,
SPOON-19_1,smt-16,check,0,false
FASTJSON-93_1,smt-38,check,0,false
FASTJSON-93_1,smt-38,solve,2,SAT
FASTJSON-93_1,smt-45,check,0,false
FASTJSON-93_1,smt-45,solve,5,SAT
FASTJSON-93_1,smt-64,check,0,true
FASTJSON-93_1,smt-25,check,0,false
FASTJSON-93_1,smt-25,solve,4,UNSAT
FASTJSON-93_1,smt-25,update,0,
FASTJSON-93_1,smt-32,check,0,true
FASTJSON-93_1,smt-43,check,0,false
FASTJSON-93_1,smt-43,solve,3,SAT
FASTJSON-93_1,smt-47,check,0,false
FASTJSON-93_1,smt-47,solve,4,SAT
FASTJSON-93_1,smt-30,check,0,false
FASTJSON-93_1,smt-30,solve,3,UNSAT
FASTJSON-93_1,smt-30,update,0,
FASTJSON-93_1,smt-40,check,0,true
FASTJSON-93_1,smt-20,check,0,false
FASTJSON-93_1,smt-20,solve,18,SAT
FASTJSON-93_1,smt-74,check,0,true
FASTJSON-93_1,smt-69,check,0,false
FASTJSON-93_1,smt-69,solve,3,SAT
FASTJSON-93_1,smt-3,check,0,false
FASTJSON-93_1,smt-3,solve,3,SAT
FASTJSON-93_1,smt-81,check,0,false
FASTJSON-93_1,smt-81,solve,4,SAT
FASTJSON-93_1,smt-10,check,0,false
FASTJSON-93_1,smt-10,solve,4,SAT
FASTJSON-93_1,smt-49,check,0,false
FASTJSON-93_1,smt-49,solve,3,SAT
FASTJSON-93_1,smt-83,check,0,false
FASTJSON-93_1,smt-83,solve,4,SAT
SPOON-19_1,smt-16,solve,362,SAT
FASTJSON-93_1,smt-13,check,0,false
FASTJSON-93_1,smt-13,solve,4,SAT
FASTJSON-93_1,smt-17,check,0,false
FASTJSON-93_1,smt-17,solve,4,SAT
FASTJSON-93_1,smt-21,check,0,false
SPOON-19_1,smt-9,check,0,false
FASTJSON-93_1,smt-21,solve,5,SAT
FASTJSON-93_1,smt-58,check,0,false
FASTJSON-93_1,smt-58,solve,5,SAT
FASTJSON-93_1,smt-51,check,0,false
FASTJSON-93_1,smt-51,solve,5,SAT
FASTJSON-93_1,smt-71,check,0,false
FASTJSON-93_1,smt-71,solve,2,SAT
FASTJSON-93_1,smt-26,check,0,true
FASTJSON-93_1,smt-52,check,0,false
FASTJSON-93_1,smt-52,solve,3,UNSAT
FASTJSON-93_1,smt-52,update,0,
FASTJSON-93_1,smt-39,check,0,true
FASTJSON-93_1,smt-46,check,0,true
FASTJSON-93_1,smt-2,check,0,false
FASTJSON-93_1,smt-2,solve,3,SAT
FASTJSON-93_1,smt-79,check,0,false
FASTJSON-93_1,smt-79,solve,17,UNSAT
FASTJSON-93_1,smt-79,update,0,
FASTJSON-93_1,smt-8,check,0,false
FASTJSON-93_1,smt-8,solve,6,SAT
FASTJSON-93_1,smt-19,check,0,false
GUAVA-174_1,smt-203,solve,966,SAT
FASTJSON-93_1,smt-19,solve,5,SAT
FASTJSON-93_1,smt-84,check,0,false
FASTJSON-93_1,smt-84,solve,4,UNSAT
FASTJSON-93_1,smt-84,update,0,
FASTJSON-93_1,smt-78,check,0,false
FASTJSON-93_1,smt-78,solve,4,SAT
FASTJSON-93_1,smt-80,check,0,false
FASTJSON-93_1,smt-80,solve,5,SAT
FASTJSON-93_1,smt-33,check,0,false
GUAVA-174_1,smt-130,check,0,false
FASTJSON-93_1,smt-33,solve,6,SAT
FASTJSON-93_1,smt-73,check,0,false
SPOON-19_1,smt-9,solve,427,SAT
GUAVA-174_1,smt-130,solve,14,UNSAT
GUAVA-174_1,smt-130,update,0,
FASTJSON-93_1,smt-73,solve,16,SAT
FASTJSON-93_1,smt-70,check,0,false
GUAVA-174_1,smt-209,check,2,false
FASTJSON-93_1,smt-70,solve,4,UNSAT
FASTJSON-93_1,smt-70,update,0,
FASTJSON-93_1,smt-35,check,0,true
FASTJSON-93_1,smt-56,check,0,true
FASTJSON-93_1,smt-28,check,0,true
FASTJSON-93_1,smt-34,check,0,false
SPOON-19_1,smt-12,check,0,false
FASTJSON-93_1,smt-34,solve,15,UNSAT
FASTJSON-93_1,smt-34,update,0,
FASTJSON-93_1,smt-68,check,0,false
FASTJSON-93_1,smt-68,solve,3,UNSAT
FASTJSON-93_1,smt-68,update,0,
FASTJSON-93_1,smt-11,check,0,false
FASTJSON-93_1,smt-11,solve,4,SAT
FASTJSON-93_1,smt-50,check,0,false
FASTJSON-93_1,smt-50,solve,3,UNSAT
FASTJSON-93_1,smt-50,update,0,
FASTJSON-93_1,smt-44,check,0,false
GUAVA-174_1,smt-209,solve,31,UNSAT
GUAVA-174_1,smt-209,update,0,
FASTJSON-93_1,smt-44,solve,3,SAT
FASTJSON-93_1,smt-16,check,0,false
GUAVA-174_1,smt-148,check,2,false
FASTJSON-93_1,smt-16,solve,17,SAT
FASTJSON-93_1,smt-9,check,0,false
FASTJSON-93_1,smt-9,solve,2,SAT
FASTJSON-93_1,smt-12,check,0,false
FASTJSON-93_1,smt-12,solve,5,SAT
FASTJSON-93_1,smt-61,check,0,true
FASTJSON-93_1,smt-22,check,0,false
FASTJSON-93_1,smt-22,solve,7,SAT
FASTJSON-93_1,smt-62,check,0,false
FASTJSON-93_1,smt-62,solve,3,UNSAT
FASTJSON-93_1,smt-62,update,0,
FASTJSON-93_1,smt-63,check,0,true
FASTJSON-93_1,smt-41,check,0,false
GUAVA-174_1,smt-148,solve,93,UNSAT
GUAVA-174_1,smt-148,update,0,
FASTJSON-93_1,smt-41,solve,6,UNSAT
FASTJSON-93_1,smt-41,update,0,
FASTJSON-93_1,smt-72,check,0,false
GUAVA-174_1,smt-159,check,0,false
SPOON-151_1,smt-47,solve,5002,UNKNOWN
FASTJSON-93_1,smt-72,solve,3,SAT
FASTJSON-93_1,smt-6,check,0,false
GUAVA-174_1,smt-159,solve,9,UNSAT
GUAVA-174_1,smt-159,update,0,
FASTJSON-93_1,smt-6,solve,4,SAT
FASTJSON-93_1,smt-29,check,0,false
GUAVA-174_1,smt-110,check,0,true
FASTJSON-105_1,smt-301,solve,5002,UNKNOWN
SPOON-151_1,smt-564,check,2,false
FASTJSON-49_1,smt-20,check,0,false
FASTJSON-93_1,smt-29,solve,3,UNSAT
FASTJSON-93_1,smt-29,update,0,
GUAVA-174_1,smt-219,check,5,false
FASTJSON-93_1,smt-5,check,0,false
FASTJSON-93_1,smt-5,solve,4,SAT
FASTJSON-93_1,smt-15,check,0,false
FASTJSON-93_1,smt-15,solve,6,SAT
FASTJSON-105_1,smt-132,check,0,false
FASTJSON-93_1,smt-14,check,0,false
FASTJSON-105_1,smt-132,solve,4,SAT
FASTJSON-93_1,smt-14,solve,4,SAT
FASTJSON-105_1,smt-108,check,0,false
FASTJSON-93_1,smt-65,check,0,false
SPOON-19_1,smt-12,solve,503,SAT
FASTJSON-93_1,smt-65,solve,3,UNSAT
FASTJSON-93_1,smt-65,update,0,
FASTJSON-105_1,smt-108,solve,4,SAT
FASTJSON-93_1,smt-54,check,0,false
SPOON-151_1,smt-564,solve,52,UNSAT
SPOON-151_1,smt-564,update,0,
FASTJSON-105_1,smt-277,check,0,true
FASTJSON-105_1,smt-196,check,0,false
FASTJSON-105_1,smt-196,solve,4,SAT
SPOON-19_1,smt-6,check,0,false
FASTJSON-105_1,smt-205,check,0,false
FASTJSON-93_1,smt-54,solve,35,UNSAT
FASTJSON-93_1,smt-54,update,0,
FASTJSON-93_1,smt-55,check,0,false
FASTJSON-105_1,smt-205,solve,4,SAT
SPOON-151_1,smt-618,check,1,true
FASTJSON-105_1,smt-163,check,0,false
GUAVA-174_1,smt-219,solve,57,UNSAT
GUAVA-174_1,smt-219,update,0,
FASTJSON-93_1,smt-55,solve,7,UNSAT
FASTJSON-93_1,smt-55,update,0,
SPOON-151_1,smt-156,check,0,true
FASTJSON-105_1,smt-163,solve,3,SAT
FASTJSON-93_1,smt-23,check,0,false
FASTJSON-105_1,smt-22,check,0,false
FASTJSON-105_1,smt-22,solve,3,SAT
FASTJSON-93_1,smt-23,solve,3,SAT
GUAVA-174_1,smt-52,check,0,false
SPOON-151_1,smt-943,check,1,true
FASTJSON-105_1,smt-224,check,0,false
FASTJSON-93_1,smt-77,check,0,true
SPOON-13_1,smt-1,check,0,false
SPOON-13_1,smt-1,solve,2,SAT
FASTJSON-105_1,smt-224,solve,4,SAT
SPOON-151_1,smt-485,check,1,true
FASTJSON-105_1,smt-275,check,0,true
FASTJSON-105_1,smt-62,check,0,false
FASTJSON-105_1,smt-62,solve,3,SAT
SPOON-151_1,smt-389,check,1,true
FASTJSON-105_1,smt-63,check,0,false
SPOON-151_1,smt-124,check,1,true
FASTJSON-105_1,smt-63,solve,4,SAT
GUAVA-174_1,smt-52,solve,48,UNSAT
GUAVA-174_1,smt-52,update,0,
SPOON-151_1,smt-262,check,0,true
FASTJSON-105_1,smt-310,check,0,false
SPOON-151_1,smt-154,check,0,true
SPOON-151_1,smt-116,check,1,false
FASTJSON-105_1,smt-310,solve,3,SAT
FASTJSON-105_1,smt-294,check,0,true
FASTJSON-105_1,smt-119,check,0,false
FASTJSON-105_1,smt-119,solve,3,SAT
FASTJSON-105_1,smt-41,check,0,false
GUAVA-174_1,smt-39,check,0,false
FASTJSON-105_1,smt-41,solve,3,SAT
SPOON-13_1,smt-7,check,0,false
FASTJSON-105_1,smt-194,check,0,true
FASTJSON-105_1,smt-72,check,0,false
FASTJSON-105_1,smt-72,solve,5,SAT
SPOON-151_1,smt-116,solve,44,UNSAT
SPOON-151_1,smt-116,update,0,
FASTJSON-105_1,smt-260,check,0,false
SPOON-151_1,smt-101,check,1,false
FASTJSON-105_1,smt-260,solve,5,UNSAT
FASTJSON-105_1,smt-260,update,0,
FASTJSON-105_1,smt-136,check,0,false
FASTJSON-105_1,smt-136,solve,5,SAT
FASTJSON-105_1,smt-166,check,0,false
FASTJSON-105_1,smt-166,solve,3,SAT
FASTJSON-105_1,smt-296,check,0,false
FASTJSON-105_1,smt-296,solve,4,SAT
FASTJSON-105_1,smt-140,check,0,false
SPOON-151_1,smt-101,solve,53,UNSAT
SPOON-151_1,smt-101,update,0,
GUAVA-174_1,smt-39,solve,167,UNSAT
GUAVA-174_1,smt-39,update,0,
FASTJSON-105_1,smt-140,solve,4,SAT
GUAVA-78_1,smt-102,solve,5002,UNKNOWN
SPOON-151_1,smt-957,check,0,true
SPOON-151_1,smt-844,check,1,false
FASTJSON-105_1,smt-157,check,1,false
SPOON-19_1,smt-6,solve,485,SAT
GUAVA-174_1,smt-46,check,1,false
SPOON-19_1,smt-5,check,0,false
GUAVA-174_1,smt-46,solve,109,UNSAT
GUAVA-174_1,smt-46,update,0,
GUAVA-174_1,smt-2,check,0,false
GUAVA-174_1,smt-2,solve,4,SAT
GUAVA-174_1,smt-187,check,0,false
GUAVA-78_1,smt-17,check,0,true
GUAVA-78_1,smt-21,check,0,false
GUAVA-174_1,smt-187,solve,93,SAT
GUAVA-174_1,smt-123,check,0,false
SPOON-19_1,smt-5,solve,371,SAT
GUAVA-174_1,smt-123,solve,16,UNSAT
GUAVA-174_1,smt-123,update,0,
SPOON-19_1,smt-15,check,0,false
GUAVA-78_1,smt-21,solve,118,UNSAT
GUAVA-78_1,smt-21,update,0,
GUAVA-174_1,smt-79,check,0,false
GUAVA-78_1,smt-153,check,0,false
GUAVA-174_1,smt-79,solve,6,UNSAT
GUAVA-174_1,smt-79,update,0,
GUAVA-174_1,smt-8,check,0,false
GUAVA-174_1,smt-8,solve,18,SAT
GUAVA-174_1,smt-214,check,0,false
GUAVA-78_1,smt-153,solve,123,SAT
GUAVA-78_1,smt-58,check,0,false
GUAVA-78_1,smt-58,solve,63,SAT
GUAVA-174_1,smt-214,solve,206,SAT
GUAVA-78_1,smt-51,check,0,true
GUAVA-174_1,smt-122,check,0,false
GUAVA-78_1,smt-133,check,0,false
GUAVA-174_1,smt-122,solve,7,SAT
GUAVA-174_1,smt-19,check,0,false
GUAVA-174_1,smt-19,solve,3,SAT
SPOON-19_1,smt-15,solve,463,SAT
SPOON-19_1,smt-14,check,0,false
GUAVA-174_1,smt-229,check,23,false
GUAVA-78_1,smt-133,solve,102,SAT
GUAVA-78_1,smt-71,check,0,false
SPOON-13_1,smt-7,solve,869,UNSAT
SPOON-13_1,smt-7,update,0,
GUAVA-78_1,smt-71,solve,77,SAT
GUAVA-78_1,smt-26,check,0,false
GUAVA-78_1,smt-26,solve,5,UNSAT
GUAVA-78_1,smt-26,update,0,
GUAVA-78_1,smt-118,check,0,false
SPOON-13_1,smt-18,check,0,false
SPOON-19_1,smt-14,solve,359,SAT
SPOON-13_1,smt-18,solve,5,SAT
SPOON-13_1,smt-4,check,0,false
SPOON-13_1,smt-4,solve,2,SAT
SPOON-13_1,smt-20,check,0,false
SPOON-13_1,smt-20,solve,3,SAT
SPOON-159_1,smt-57,check,0,false
SPOON-159_1,smt-57,solve,16,UNSAT
SPOON-159_1,smt-57,update,0,
SPOON-159_1,smt-90,check,0,false
SPOON-13_1,smt-3,check,0,false
SPOON-159_1,smt-90,solve,29,UNSAT
SPOON-159_1,smt-90,update,0,
SPOON-159_1,smt-37,check,0,true
SPOON-159_1,smt-1,check,0,false
FASTJSON-26_1,smt-227,solve,5001,UNKNOWN
SPOON-159_1,smt-1,solve,3,SAT
SPOON-159_1,smt-87,check,0,false
FASTJSON-26_1,smt-271,check,0,false
FASTJSON-26_1,smt-271,solve,64,SAT
FASTJSON-26_1,smt-90,check,0,false
FASTJSON-26_1,smt-90,solve,189,SAT
FASTJSON-26_1,smt-220,check,0,false
FASTJSON-26_1,smt-220,solve,3,SAT
GUAVA-174_1,smt-229,solve,348,UNSAT
GUAVA-174_1,smt-229,update,0,
FASTJSON-26_1,smt-191,check,0,false
GUAVA-174_1,smt-149,check,0,false
GUAVA-174_1,smt-149,solve,69,SAT
GUAVA-174_1,smt-95,check,0,false
GUAVA-174_1,smt-95,solve,6,UNSAT
GUAVA-174_1,smt-95,update,0,
GUAVA-174_1,smt-84,check,0,false
FASTJSON-26_1,smt-191,solve,86,UNSAT
FASTJSON-26_1,smt-191,update,0,
GUAVA-174_1,smt-84,solve,20,UNSAT
GUAVA-174_1,smt-84,update,0,
FASTJSON-26_1,smt-37,check,0,false
GUAVA-174_1,smt-78,check,0,false
GUAVA-174_1,smt-78,solve,7,UNSAT
GUAVA-174_1,smt-78,update,0,
GUAVA-174_1,smt-164,check,0,false
FASTJSON-26_1,smt-37,solve,17,UNSAT
FASTJSON-26_1,smt-37,update,0,
FASTJSON-26_1,smt-1,check,0,false
FASTJSON-26_1,smt-1,solve,45,UNSAT
FASTJSON-26_1,smt-1,update,0,
FASTJSON-26_1,smt-142,check,0,false
GUAVA-174_1,smt-164,solve,294,SAT
SPOON-13_1,smt-3,solve,787,UNSAT
SPOON-13_1,smt-3,update,0,
GUAVA-174_1,smt-151,check,1,false
FASTJSON-26_1,smt-142,solve,136,UNSAT
FASTJSON-26_1,smt-142,update,0,
GUAVA-174_1,smt-151,solve,36,UNSAT
GUAVA-174_1,smt-151,update,0,
GUAVA-174_1,smt-80,check,0,false
FASTJSON-26_1,smt-162,check,1,false
GUAVA-174_1,smt-80,solve,10,SAT
GUAVA-174_1,smt-115,check,0,false
GUAVA-174_1,smt-115,solve,3,SAT
GUAVA-174_1,smt-197,check,3,false
SPOON-13_1,smt-10,check,1,false
GUAVA-174_1,smt-197,solve,26,UNSAT
GUAVA-174_1,smt-197,update,0,
GUAVA-174_1,smt-242,check,5,false
GUAVA-78_1,smt-118,solve,2305,UNSAT
GUAVA-78_1,smt-118,update,0,
FASTJSON-26_1,smt-162,solve,186,UNSAT
FASTJSON-26_1,smt-162,update,0,
FASTJSON-26_1,smt-87,check,0,false
GUAVA-174_1,smt-242,solve,108,UNSAT
GUAVA-174_1,smt-242,update,0,
GUAVA-78_1,smt-137,check,1,false
FASTJSON-26_1,smt-87,solve,108,UNSAT
FASTJSON-26_1,smt-87,update,0,
FASTJSON-26_1,smt-158,check,0,false
FASTJSON-26_1,smt-158,solve,55,SAT
FASTJSON-26_1,smt-264,check,1,false
FASTJSON-49_1,smt-20,solve,5002,UNKNOWN
GUAVA-174_1,smt-232,check,185,false
FASTJSON-49_1,smt-3,check,0,false
FASTJSON-49_1,smt-3,solve,4,SAT
FASTJSON-49_1,smt-10,check,0,false
FASTJSON-26_1,smt-264,solve,89,UNSAT
FASTJSON-26_1,smt-264,update,0,
FASTJSON-49_1,smt-10,solve,8,SAT
FASTJSON-49_1,smt-13,check,0,false
FASTJSON-26_1,smt-237,check,1,false
FASTJSON-49_1,smt-13,solve,122,UNSAT
FASTJSON-49_1,smt-13,update,0,
SPOON-151_1,smt-844,solve,5002,UNKNOWN
FASTJSON-49_1,smt-17,check,0,false
SPOON-151_1,smt-308,check,0,true
SPOON-13_1,smt-10,solve,915,UNSAT
SPOON-13_1,smt-10,update,0,
SPOON-151_1,smt-671,check,0,true
FASTJSON-26_1,smt-237,solve,117,UNSAT
FASTJSON-26_1,smt-237,update,0,
SPOON-151_1,smt-1105,check,3,false
FASTJSON-49_1,smt-17,solve,11,UNSAT
FASTJSON-49_1,smt-17,update,0,
FASTJSON-105_1,smt-157,solve,5002,UNKNOWN
FASTJSON-49_1,smt-21,check,0,false
FASTJSON-26_1,smt-282,check,0,false
FASTJSON-105_1,smt-299,check,0,false
FASTJSON-105_1,smt-299,solve,61,SAT
FASTJSON-105_1,smt-293,check,0,false
SPOON-13_1,smt-13,check,0,false
FASTJSON-105_1,smt-293,solve,86,SAT
FASTJSON-105_1,smt-112,check,0,false
FASTJSON-105_1,smt-112,solve,5,SAT
FASTJSON-105_1,smt-292,check,0,false
FASTJSON-49_1,smt-21,solve,137,UNSAT
FASTJSON-49_1,smt-21,update,0,
FASTJSON-105_1,smt-292,solve,4,SAT
FASTJSON-105_1,smt-6,check,0,false
FASTJSON-105_1,smt-6,solve,4,SAT
FASTJSON-105_1,smt-103,check,0,false
FASTJSON-105_1,smt-103,solve,4,SAT
FASTJSON-105_1,smt-126,check,0,false
FASTJSON-49_1,smt-26,check,0,false
FASTJSON-105_1,smt-126,solve,4,UNSAT
FASTJSON-105_1,smt-126,update,0,
SPOON-13_1,smt-13,solve,163,UNSAT
SPOON-13_1,smt-13,update,0,
FASTJSON-105_1,smt-29,check,0,false
FASTJSON-105_1,smt-29,solve,3,SAT
FASTJSON-105_1,smt-5,check,0,false
FASTJSON-105_1,smt-5,solve,4,SAT
FASTJSON-105_1,smt-178,check,0,false
FASTJSON-105_1,smt-178,solve,4,SAT
FASTJSON-105_1,smt-135,check,0,false
FASTJSON-105_1,smt-135,solve,3,SAT
FASTJSON-105_1,smt-143,check,0,false
FASTJSON-105_1,smt-143,solve,4,SAT
FASTJSON-105_1,smt-86,check,0,false
FASTJSON-105_1,smt-86,solve,3,SAT
FASTJSON-105_1,smt-245,check,0,true
FASTJSON-105_1,smt-185,check,0,false
SPOON-13_1,smt-17,check,2,false
FASTJSON-105_1,smt-185,solve,5,SAT
FASTJSON-105_1,smt-106,check,0,false
FASTJSON-105_1,smt-106,solve,5,SAT
FASTJSON-105_1,smt-15,check,0,false
FASTJSON-105_1,smt-15,solve,3,SAT
FASTJSON-105_1,smt-189,check,0,true
FASTJSON-105_1,smt-276,check,0,false
SPOON-151_1,smt-1105,solve,793,SAT
SPOON-151_1,smt-1025,check,1,false
FASTJSON-105_1,smt-276,solve,109,SAT
FASTJSON-105_1,smt-195,check,0,false
SPOON-151_1,smt-1025,solve,43,UNSAT
SPOON-151_1,smt-1025,update,0,
FASTJSON-105_1,smt-195,solve,6,SAT
FASTJSON-105_1,smt-279,check,0,false
SPOON-151_1,smt-228,check,1,true
FASTJSON-105_1,smt-279,solve,5,SAT
SPOON-151_1,smt-959,check,0,true
FASTJSON-105_1,smt-210,check,0,false
SPOON-151_1,smt-1012,check,0,true
FASTJSON-105_1,smt-210,solve,4,SAT
SPOON-151_1,smt-763,check,0,true
FASTJSON-105_1,smt-254,check,0,false
FASTJSON-26_1,smt-282,solve,934,SAT
FASTJSON-105_1,smt-254,solve,5,SAT
SPOON-151_1,smt-846,check,0,true
FASTJSON-105_1,smt-243,check,0,false
SPOON-151_1,smt-1133,check,3,false
FASTJSON-26_1,smt-266,check,0,false
FASTJSON-105_1,smt-243,solve,95,SAT
FASTJSON-105_1,smt-328,check,0,false
SPOON-151_1,smt-1133,solve,48,UNSAT
SPOON-151_1,smt-1133,update,0,
SPOON-151_1,smt-30,check,1,false
FASTJSON-105_1,smt-328,solve,89,SAT
FASTJSON-105_1,smt-252,check,0,true
FASTJSON-105_1,smt-14,check,0,false
FASTJSON-105_1,smt-14,solve,2,SAT
FASTJSON-105_1,smt-200,check,0,false
FASTJSON-105_1,smt-200,solve,3,SAT
FASTJSON-105_1,smt-204,check,1,false
SPOON-159_1,smt-87,solve,5002,UNKNOWN
SPOON-159_1,smt-31,check,0,false
SPOON-159_1,smt-31,solve,15,UNSAT
SPOON-159_1,smt-31,update,0,
SPOON-159_1,smt-89,check,0,false
SPOON-159_1,smt-89,solve,13,UNSAT
SPOON-159_1,smt-89,update,0,
SPOON-159_1,smt-53,check,0,false
SPOON-159_1,smt-53,solve,16,UNSAT
SPOON-159_1,smt-53,update,0,
SPOON-159_1,smt-7,check,0,false
SPOON-159_1,smt-7,solve,5,SAT
SPOON-159_1,smt-27,check,0,false
SPOON-159_1,smt-27,solve,6,SAT
SPOON-159_1,smt-75,check,0,true
SPOON-159_1,smt-67,check,0,false
FASTJSON-26_1,smt-266,solve,895,SAT
FASTJSON-26_1,smt-270,check,0,true
FASTJSON-26_1,smt-31,check,2,false
GUAVA-174_1,smt-232,solve,876,UNSAT
GUAVA-174_1,smt-232,update,0,
FASTJSON-26_1,smt-31,solve,162,UNSAT
FASTJSON-26_1,smt-31,update,0,
FASTJSON-26_1,smt-89,check,2,false
GUAVA-174_1,smt-161,check,2,false
GUAVA-174_1,smt-161,solve,81,SAT
GUAVA-174_1,smt-33,check,0,true
GUAVA-174_1,smt-73,check,1,false
FASTJSON-26_1,smt-89,solve,171,UNSAT
FASTJSON-26_1,smt-89,update,0,
FASTJSON-26_1,smt-53,check,1,false
FASTJSON-26_1,smt-53,solve,67,UNSAT
FASTJSON-26_1,smt-53,update,0,
FASTJSON-26_1,smt-7,check,0,false
FASTJSON-26_1,smt-7,solve,23,UNSAT
FASTJSON-26_1,smt-7,update,0,
FASTJSON-26_1,smt-202,check,1,false
GUAVA-78_1,smt-137,solve,5004,UNKNOWN
GUAVA-78_1,smt-130,check,0,false
FASTJSON-26_1,smt-202,solve,108,UNSAT
FASTJSON-26_1,smt-202,update,6,
FASTJSON-26_1,smt-27,check,0,false
FASTJSON-26_1,smt-27,solve,4,SAT
FASTJSON-26_1,smt-281,check,0,false
GUAVA-78_1,smt-130,solve,87,SAT
GUAVA-78_1,smt-148,check,2,false
FASTJSON-49_1,smt-26,solve,5002,UNKNOWN
FASTJSON-26_1,smt-281,solve,1133,SAT
FASTJSON-26_1,smt-75,check,0,false
FASTJSON-26_1,smt-75,solve,48,SAT
FASTJSON-26_1,smt-67,check,0,false
FASTJSON-26_1,smt-67,solve,47,SAT
FASTJSON-26_1,smt-280,check,1,false
SPOON-13_1,smt-17,solve,5002,UNKNOWN
SPOON-151_1,smt-30,solve,5002,UNKNOWN
SPOON-151_1,smt-651,check,0,true
SPOON-151_1,smt-380,check,0,true
SPOON-151_1,smt-302,check,0,true
SPOON-151_1,smt-1069,check,1,true
SPOON-151_1,smt-138,check,0,true
SPOON-151_1,smt-168,check,0,true
SPOON-151_1,smt-715,check,2,true
SPOON-151_1,smt-215,check,0,true
SPOON-151_1,smt-303,check,1,false
FASTJSON-49_1,smt-39,check,73,false
FASTJSON-105_1,smt-204,solve,5002,UNKNOWN
SPOON-151_1,smt-303,solve,107,UNSAT
SPOON-151_1,smt-303,update,0,
SPOON-151_1,smt-1015,check,1,false
FASTJSON-105_1,smt-235,check,1,false
SPOON-151_1,smt-1015,solve,51,UNSAT
SPOON-151_1,smt-1015,update,0,
SPOON-151_1,smt-816,check,2,true
SPOON-151_1,smt-494,check,3,false
SPOON-151_1,smt-494,solve,45,UNSAT
SPOON-151_1,smt-494,update,0,
SPOON-151_1,smt-40,check,1,false
GUAVA-78_1,smt-148,solve,2236,UNSAT
GUAVA-78_1,smt-148,update,0,
SPOON-151_1,smt-40,solve,22,UNSAT
SPOON-151_1,smt-40,update,0,
SPOON-151_1,smt-317,check,0,true
SPOON-151_1,smt-805,check,1,true
SPOON-151_1,smt-1035,check,1,false
GUAVA-174_1,smt-73,solve,3811,SAT
SPOON-13_1,smt-21,check,2,false
GUAVA-174_1,smt-105,check,0,false
GUAVA-174_1,smt-105,solve,3,SAT
GUAVA-174_1,smt-117,check,0,false
GUAVA-174_1,smt-117,solve,4,UNSAT
GUAVA-174_1,smt-117,update,0,
GUAVA-174_1,smt-152,check,0,false
GUAVA-174_1,smt-152,solve,7,SAT
SPOON-151_1,smt-1035,solve,52,UNSAT
SPOON-151_1,smt-1035,update,0,
SPOON-151_1,smt-653,check,0,true
SPOON-151_1,smt-1046,check,1,true
SPOON-151_1,smt-638,check,0,true
SPOON-159_1,smt-67,solve,5002,UNKNOWN
GUAVA-174_1,smt-236,check,15,false
SPOON-151_1,smt-355,check,0,true
SPOON-151_1,smt-111,check,0,true
SPOON-151_1,smt-416,check,2,false
SPOON-159_1,smt-88,check,0,false
GUAVA-78_1,smt-159,check,0,false
SPOON-159_1,smt-88,solve,125,SAT
SPOON-159_1,smt-48,check,0,false
SPOON-159_1,smt-48,solve,4,UNSAT
SPOON-159_1,smt-48,update,0,
SPOON-159_1,smt-18,check,0,false
SPOON-159_1,smt-18,solve,4,UNSAT
SPOON-159_1,smt-18,update,0,
SPOON-159_1,smt-92,check,0,true
SPOON-159_1,smt-100,check,0,false
SPOON-159_1,smt-100,solve,8,UNSAT
SPOON-159_1,smt-100,update,0,
SPOON-159_1,smt-59,check,0,false
SPOON-159_1,smt-59,solve,1,UNSAT
SPOON-159_1,smt-59,update,0,
SPOON-159_1,smt-42,check,0,false
SPOON-159_1,smt-42,solve,5,UNSAT
SPOON-159_1,smt-42,update,0,
SPOON-159_1,smt-82,check,0,false
SPOON-159_1,smt-82,solve,13,UNSAT
SPOON-159_1,smt-82,update,0,
SPOON-159_1,smt-4,check,0,false
SPOON-159_1,smt-4,solve,3,SAT
SPOON-159_1,smt-66,check,0,true
SPOON-159_1,smt-120,check,0,false
SPOON-151_1,smt-416,solve,540,SAT
SPOON-159_1,smt-120,solve,18,SAT
SPOON-159_1,smt-121,check,0,false
SPOON-151_1,smt-828,check,1,true
SPOON-151_1,smt-926,check,0,true
SPOON-151_1,smt-625,check,0,true
SPOON-151_1,smt-1074,check,0,true
SPOON-151_1,smt-20,check,0,true
SPOON-151_1,smt-1093,check,3,true
SPOON-151_1,smt-248,check,0,true
SPOON-151_1,smt-338,check,0,true
SPOON-151_1,smt-911,check,1,true
SPOON-151_1,smt-190,check,0,true
SPOON-151_1,smt-393,check,1,true
SPOON-159_1,smt-121,solve,140,SAT
SPOON-151_1,smt-721,check,0,true
SPOON-151_1,smt-401,check,1,true
SPOON-159_1,smt-85,check,0,false
SPOON-151_1,smt-888,check,1,true
SPOON-151_1,smt-903,check,0,true
SPOON-151_1,smt-657,check,0,true
SPOON-151_1,smt-914,check,0,true
SPOON-151_1,smt-563,check,0,true
SPOON-151_1,smt-74,check,0,true
SPOON-151_1,smt-69,check,0,true
SPOON-151_1,smt-3,check,1,false
SPOON-159_1,smt-85,solve,142,SAT
SPOON-159_1,smt-104,check,0,false
SPOON-159_1,smt-104,solve,14,SAT
SPOON-159_1,smt-127,check,0,true
SPOON-159_1,smt-24,check,0,false
SPOON-159_1,smt-24,solve,4,SAT
SPOON-159_1,smt-36,check,0,true
SPOON-159_1,smt-76,check,0,true
SPOON-159_1,smt-97,check,0,false
SPOON-159_1,smt-97,solve,29,UNSAT
SPOON-159_1,smt-97,update,0,
SPOON-159_1,smt-128,check,0,false
SPOON-159_1,smt-128,solve,9,UNSAT
SPOON-159_1,smt-128,update,0,
SPOON-159_1,smt-60,check,0,true
SPOON-159_1,smt-38,check,0,true
SPOON-159_1,smt-45,check,0,false
SPOON-159_1,smt-45,solve,16,SAT
SPOON-13_1,smt-21,solve,1005,UNSAT
SPOON-13_1,smt-21,update,0,
SPOON-159_1,smt-64,check,1,false
SPOON-151_1,smt-3,solve,551,SAT
SPOON-151_1,smt-1110,check,0,true
SPOON-151_1,smt-589,check,2,true
SPOON-151_1,smt-996,check,3,false
SPOON-13_1,smt-2,check,1,false
SPOON-151_1,smt-996,solve,80,UNSAT
SPOON-151_1,smt-996,update,0,
SPOON-151_1,smt-627,check,1,true
SPOON-151_1,smt-284,check,2,false
SPOON-151_1,smt-284,solve,32,UNSAT
SPOON-151_1,smt-284,update,0,
SPOON-151_1,smt-737,check,0,true
GUAVA-174_1,smt-236,solve,1620,UNSAT
GUAVA-174_1,smt-236,update,1,
SPOON-151_1,smt-503,check,1,false
SPOON-151_1,smt-503,solve,33,UNSAT
SPOON-151_1,smt-503,update,0,
SPOON-151_1,smt-1078,check,1,true
SPOON-151_1,smt-81,check,0,true
GUAVA-174_1,smt-188,check,1,false
SPOON-151_1,smt-179,check,1,true
SPOON-151_1,smt-1087,check,0,true
SPOON-151_1,smt-425,check,1,true
SPOON-151_1,smt-375,check,0,true
SPOON-151_1,smt-529,check,0,true
SPOON-151_1,smt-114,check,0,true
SPOON-151_1,smt-1120,check,1,true
SPOON-151_1,smt-643,check,0,true
SPOON-151_1,smt-1182,check,1,true
SPOON-151_1,smt-1157,check,0,true
SPOON-151_1,smt-946,check,1,true
SPOON-151_1,smt-676,check,1,true
SPOON-151_1,smt-139,check,1,false
SPOON-151_1,smt-139,solve,39,UNSAT
SPOON-151_1,smt-139,update,0,
SPOON-151_1,smt-10,check,0,true
SPOON-151_1,smt-672,check,0,true
SPOON-151_1,smt-866,check,0,true
SPOON-151_1,smt-211,check,0,true
SPOON-151_1,smt-421,check,0,true
GUAVA-174_1,smt-188,solve,407,SAT
SPOON-151_1,smt-551,check,0,true
SPOON-151_1,smt-1191,check,0,true
SPOON-151_1,smt-49,check,1,false
GUAVA-174_1,smt-172,check,2,false
GUAVA-174_1,smt-172,solve,14,UNSAT
GUAVA-174_1,smt-172,update,0,
GUAVA-174_1,smt-107,check,0,false
GUAVA-174_1,smt-107,solve,5,SAT
GUAVA-174_1,smt-155,check,1,false
SPOON-151_1,smt-49,solve,346,SAT
SPOON-151_1,smt-402,check,1,false
GUAVA-174_1,smt-155,solve,575,SAT
FASTJSON-26_1,smt-280,solve,5002,UNKNOWN
FASTJSON-26_1,smt-147,check,0,false
SPOON-151_1,smt-402,solve,430,SAT
GUAVA-174_1,smt-241,check,32,false
FASTJSON-26_1,smt-147,solve,51,SAT
SPOON-151_1,smt-83,check,0,true
FASTJSON-26_1,smt-88,check,0,false
SPOON-151_1,smt-818,check,1,true
SPOON-151_1,smt-544,check,0,true
SPOON-151_1,smt-707,check,0,true
SPOON-151_1,smt-865,check,0,true
SPOON-151_1,smt-740,check,0,true
FASTJSON-26_1,smt-88,solve,49,SAT
SPOON-151_1,smt-788,check,1,true
FASTJSON-26_1,smt-167,check,1,false
SPOON-151_1,smt-1190,check,0,true
SPOON-151_1,smt-742,check,0,true
SPOON-151_1,smt-692,check,1,true
SPOON-151_1,smt-1138,check,1,true
SPOON-151_1,smt-13,check,1,false
FASTJSON-26_1,smt-167,solve,122,UNSAT
FASTJSON-26_1,smt-167,update,0,
FASTJSON-26_1,smt-150,check,2,false
FASTJSON-105_1,smt-235,solve,5002,UNKNOWN
SPOON-151_1,smt-13,solve,340,SAT
FASTJSON-105_1,smt-233,check,3,true
FASTJSON-105_1,smt-330,check,0,true
FASTJSON-105_1,smt-145,check,0,false
SPOON-151_1,smt-1115,check,1,true
FASTJSON-105_1,smt-145,solve,5,SAT
FASTJSON-105_1,smt-221,check,0,false
SPOON-151_1,smt-1080,check,1,true
SPOON-151_1,smt-102,check,0,true
SPOON-151_1,smt-17,check,1,false
FASTJSON-105_1,smt-221,solve,8,UNSAT
FASTJSON-105_1,smt-221,update,0,
FASTJSON-105_1,smt-321,check,0,false
FASTJSON-105_1,smt-321,solve,56,SAT
FASTJSON-105_1,smt-131,check,0,false
FASTJSON-105_1,smt-131,solve,3,UNSAT
FASTJSON-105_1,smt-131,update,0,
FASTJSON-105_1,smt-65,check,0,false
FASTJSON-105_1,smt-65,solve,4,SAT
FASTJSON-105_1,smt-113,check,0,false
FASTJSON-105_1,smt-113,solve,3,SAT
FASTJSON-105_1,smt-54,check,0,false
FASTJSON-105_1,smt-54,solve,3,SAT
FASTJSON-26_1,smt-150,solve,164,UNSAT
FASTJSON-26_1,smt-150,update,0,
FASTJSON-105_1,smt-222,check,0,true
FASTJSON-105_1,smt-55,check,0,false
FASTJSON-105_1,smt-55,solve,4,SAT
FASTJSON-105_1,smt-184,check,0,true
FASTJSON-105_1,smt-181,check,0,false
FASTJSON-26_1,smt-250,check,2,false
FASTJSON-105_1,smt-181,solve,6,SAT
FASTJSON-105_1,smt-213,check,0,false
FASTJSON-105_1,smt-213,solve,3,SAT
FASTJSON-105_1,smt-109,check,0,false
FASTJSON-105_1,smt-109,solve,3,SAT
GUAVA-174_1,smt-241,solve,325,UNSAT
GUAVA-174_1,smt-241,update,0,
FASTJSON-105_1,smt-165,check,0,true
FASTJSON-105_1,smt-193,check,2,false
GUAVA-174_1,smt-93,check,0,false
GUAVA-174_1,smt-93,solve,32,SAT
GUAVA-174_1,smt-70,check,0,false
GUAVA-78_1,smt-159,solve,5005,UNKNOWN
GUAVA-174_1,smt-70,solve,8,UNSAT
GUAVA-174_1,smt-70,update,0,
GUAVA-174_1,smt-96,check,0,false
SPOON-151_1,smt-17,solve,601,SAT
SPOON-151_1,smt-720,check,0,true
GUAVA-174_1,smt-96,solve,10,UNSAT
GUAVA-174_1,smt-96,update,0,
SPOON-151_1,smt-615,check,2,false
FASTJSON-26_1,smt-250,solve,196,UNSAT
FASTJSON-26_1,smt-250,update,0,
FASTJSON-26_1,smt-48,check,2,true
FASTJSON-26_1,smt-18,check,0,false
GUAVA-174_1,smt-231,check,78,false
GUAVA-78_1,smt-110,check,0,false
FASTJSON-26_1,smt-18,solve,30,UNSAT
FASTJSON-26_1,smt-18,update,0,
FASTJSON-26_1,smt-92,check,1,false
GUAVA-78_1,smt-110,solve,111,SAT
GUAVA-78_1,smt-52,check,0,false
GUAVA-78_1,smt-52,solve,8,UNSAT
GUAVA-78_1,smt-52,update,0,
GUAVA-78_1,smt-39,check,0,false
FASTJSON-26_1,smt-92,solve,96,UNSAT
FASTJSON-26_1,smt-92,update,0,
SPOON-151_1,smt-615,solve,570,SAT
FASTJSON-26_1,smt-100,check,2,false
GUAVA-78_1,smt-39,solve,139,UNSAT
GUAVA-78_1,smt-39,update,0,
GUAVA-78_1,smt-46,check,0,false
SPOON-151_1,smt-896,check,1,true
SPOON-151_1,smt-339,check,0,true
SPOON-151_1,smt-407,check,0,true
SPOON-151_1,smt-21,check,1,true
SPOON-151_1,smt-520,check,2,false
GUAVA-78_1,smt-46,solve,134,UNSAT
GUAVA-78_1,smt-46,update,0,
SPOON-151_1,smt-520,solve,37,UNSAT
SPOON-151_1,smt-520,update,0,
GUAVA-78_1,smt-2,check,0,false
GUAVA-78_1,smt-2,solve,2,SAT
SPOON-151_1,smt-782,check,3,false
GUAVA-78_1,smt-123,check,0,false
FASTJSON-26_1,smt-100,solve,147,UNSAT
FASTJSON-26_1,smt-100,update,0,
FASTJSON-26_1,smt-230,check,0,false
FASTJSON-26_1,smt-230,solve,58,SAT
FASTJSON-26_1,smt-174,check,4,false
SPOON-159_1,smt-64,solve,5002,UNKNOWN
SPOON-159_1,smt-25,check,0,false
SPOON-159_1,smt-25,solve,6,UNSAT
SPOON-159_1,smt-25,update,0,
SPOON-159_1,smt-32,check,0,false
SPOON-159_1,smt-32,solve,4,SAT
SPOON-159_1,smt-99,check,1,false
FASTJSON-26_1,smt-174,solve,174,UNSAT
FASTJSON-26_1,smt-174,update,0,
FASTJSON-26_1,smt-59,check,2,false
SPOON-159_1,smt-99,solve,146,UNSAT
SPOON-159_1,smt-99,update,0,
SPOON-159_1,smt-43,check,0,false
SPOON-159_1,smt-43,solve,19,SAT
SPOON-159_1,smt-47,check,0,true
SPOON-159_1,smt-124,check,0,false
SPOON-151_1,smt-782,solve,1035,SAT
SPOON-159_1,smt-124,solve,15,SAT
SPOON-159_1,smt-116,check,0,true
SPOON-151_1,smt-441,check,2,false
FASTJSON-26_1,smt-59,solve,85,UNSAT
FASTJSON-26_1,smt-59,update,0,
SPOON-159_1,smt-101,check,1,false
SPOON-13_1,smt-2,solve,5002,UNKNOWN
FASTJSON-26_1,smt-141,check,3,false
SPOON-151_1,smt-441,solve,40,UNSAT
SPOON-151_1,smt-441,update,0,
SPOON-151_1,smt-324,check,0,true
SPOON-151_1,smt-153,check,0,true
SPOON-151_1,smt-964,check,0,true
SPOON-151_1,smt-58,check,1,false
SPOON-159_1,smt-101,solve,221,UNSAT
SPOON-159_1,smt-101,update,0,
FASTJSON-26_1,smt-141,solve,216,UNSAT
FASTJSON-26_1,smt-141,update,0,
SPOON-159_1,smt-30,check,0,false
SPOON-159_1,smt-30,solve,14,SAT
SPOON-159_1,smt-40,check,0,true
SPOON-159_1,smt-111,check,0,false
FASTJSON-26_1,smt-42,check,3,false
SPOON-159_1,smt-111,solve,123,SAT
SPOON-151_1,smt-58,solve,589,SAT
SPOON-159_1,smt-20,check,0,false
SPOON-151_1,smt-51,check,0,true
SPOON-159_1,smt-20,solve,7,UNSAT
SPOON-159_1,smt-20,update,0,
SPOON-151_1,smt-652,check,0,true
SPOON-13_1,smt-8,check,0,false
SPOON-151_1,smt-749,check,0,true
SPOON-159_1,smt-74,check,0,false
SPOON-151_1,smt-1112,check,4,false
SPOON-159_1,smt-74,solve,128,SAT
SPOON-159_1,smt-69,check,0,true
SPOON-159_1,smt-3,check,0,false
SPOON-159_1,smt-3,solve,3,SAT
SPOON-159_1,smt-81,check,0,false
SPOON-159_1,smt-81,solve,24,UNSAT
SPOON-159_1,smt-81,update,0,
SPOON-159_1,smt-114,check,0,false
SPOON-159_1,smt-114,solve,19,UNSAT
SPOON-159_1,smt-114,update,0,
SPOON-159_1,smt-10,check,0,false
SPOON-159_1,smt-10,solve,4,SAT
SPOON-159_1,smt-49,check,0,false
SPOON-159_1,smt-49,solve,5,SAT
SPOON-159_1,smt-83,check,1,false
SPOON-151_1,smt-1112,solve,977,SAT
SPOON-151_1,smt-757,check,3,false
SPOON-13_1,smt-8,solve,897,UNSAT
SPOON-13_1,smt-8,update,0,
FASTJSON-105_1,smt-193,solve,5002,UNKNOWN
SPOON-13_1,smt-19,check,0,false
FASTJSON-105_1,smt-23,check,0,false
FASTJSON-105_1,smt-23,solve,3,SAT
FASTJSON-105_1,smt-77,check,0,false
FASTJSON-105_1,smt-77,solve,5,SAT
SEATA-4_1,smt-1,check,0,false
SEATA-4_1,smt-1,solve,6,SAT
GUAVA-71_1,smt-57,check,0,false
GUAVA-71_1,smt-57,solve,8,SAT
GUAVA-71_1,smt-173,check,0,false
GUAVA-71_1,smt-173,solve,39,UNSAT
GUAVA-71_1,smt-173,update,0,
GUAVA-71_1,smt-90,check,0,false
GUAVA-71_1,smt-90,solve,3,UNSAT
GUAVA-71_1,smt-90,update,0,
GUAVA-71_1,smt-191,check,3,true
GUAVA-71_1,smt-37,check,0,false
GUAVA-71_1,smt-37,solve,10,SAT
GUAVA-71_1,smt-1,check,0,false
GUAVA-71_1,smt-1,solve,4,SAT
GUAVA-71_1,smt-142,check,0,false
GUAVA-71_1,smt-142,solve,11,SAT
GUAVA-71_1,smt-162,check,0,false
GUAVA-71_1,smt-162,solve,167,UNSAT
GUAVA-71_1,smt-162,update,0,
GUAVA-71_1,smt-87,check,0,false
GUAVA-71_1,smt-87,solve,11,SAT
GUAVA-71_1,smt-158,check,0,false
GUAVA-71_1,smt-158,solve,3,UNSAT
GUAVA-71_1,smt-158,update,0,
GUAVA-71_1,smt-31,check,0,false
GUAVA-71_1,smt-31,solve,6,SAT
GUAVA-71_1,smt-89,check,0,false
GUAVA-71_1,smt-89,solve,16,UNSAT
GUAVA-71_1,smt-89,update,0,
GUAVA-71_1,smt-53,check,0,false
GUAVA-71_1,smt-53,solve,13,SAT
GUAVA-71_1,smt-7,check,0,false
GUAVA-71_1,smt-7,solve,3,UNSAT
GUAVA-71_1,smt-7,update,0,
GUAVA-71_1,smt-202,check,0,false
GUAVA-78_1,smt-123,solve,5002,UNKNOWN
GUAVA-71_1,smt-202,solve,48,SAT
GUAVA-71_1,smt-27,check,0,false
GUAVA-71_1,smt-27,solve,11,SAT
GUAVA-71_1,smt-75,check,0,false
GUAVA-71_1,smt-75,solve,14,UNSAT
GUAVA-71_1,smt-75,update,0,
GUAVA-71_1,smt-67,check,0,false
GUAVA-71_1,smt-67,solve,7,SAT
GUAVA-71_1,smt-147,check,0,false
GUAVA-71_1,smt-147,solve,7,SAT
GUAVA-71_1,smt-88,check,0,false
GUAVA-78_1,smt-79,check,0,false
GUAVA-71_1,smt-88,solve,16,UNSAT
GUAVA-71_1,smt-88,update,0,
GUAVA-71_1,smt-167,check,0,false
GUAVA-71_1,smt-167,solve,12,UNSAT
GUAVA-71_1,smt-167,update,0,
GUAVA-71_1,smt-150,check,0,false
GUAVA-78_1,smt-79,solve,133,SAT
GUAVA-78_1,smt-8,check,0,false
GUAVA-71_1,smt-150,solve,39,UNSAT
GUAVA-71_1,smt-150,update,0,
GUAVA-71_1,smt-48,check,0,false
GUAVA-71_1,smt-48,solve,11,SAT
GUAVA-71_1,smt-18,check,0,false
GUAVA-71_1,smt-18,solve,4,SAT
GUAVA-71_1,smt-92,check,0,false
GUAVA-71_1,smt-92,solve,8,SAT
GUAVA-78_1,smt-8,solve,153,SAT
GUAVA-71_1,smt-100,check,0,false
GUAVA-71_1,smt-100,solve,7,SAT
GUAVA-71_1,smt-174,check,0,false
GUAVA-71_1,smt-174,solve,15,SAT
GUAVA-71_1,smt-59,check,0,false
GUAVA-78_1,smt-122,check,1,false
GUAVA-71_1,smt-59,solve,12,SAT
GUAVA-71_1,smt-141,check,0,true
GUAVA-71_1,smt-42,check,0,false
GUAVA-71_1,smt-42,solve,4,SAT
GUAVA-71_1,smt-82,check,0,false
GUAVA-71_1,smt-82,solve,19,SAT
GUAVA-71_1,smt-4,check,0,false
GUAVA-71_1,smt-4,solve,3,UNSAT
GUAVA-71_1,smt-4,update,0,
GUAVA-71_1,smt-171,check,0,false
GUAVA-174_1,smt-231,solve,5003,UNKNOWN
GUAVA-71_1,smt-171,solve,18,UNSAT
GUAVA-71_1,smt-171,update,0,
GUAVA-71_1,smt-66,check,0,false
GUAVA-71_1,smt-66,solve,8,SAT
GUAVA-71_1,smt-120,check,0,false
GUAVA-71_1,smt-120,solve,12,SAT
GUAVA-71_1,smt-121,check,0,false
GUAVA-71_1,smt-121,solve,6,SAT
GUAVA-71_1,smt-85,check,0,true
GUAVA-71_1,smt-104,check,0,false
GUAVA-71_1,smt-104,solve,46,UNSAT
GUAVA-71_1,smt-104,update,0,
GUAVA-71_1,smt-183,check,0,true
GUAVA-71_1,smt-199,check,0,false
GUAVA-71_1,smt-199,solve,16,UNSAT
GUAVA-71_1,smt-199,update,0,
GUAVA-71_1,smt-127,check,0,false
GUAVA-71_1,smt-127,solve,7,SAT
GUAVA-71_1,smt-24,check,0,true
GUAVA-71_1,smt-36,check,0,false
GUAVA-71_1,smt-36,solve,5,SAT
GUAVA-71_1,smt-207,check,28,false
FASTJSON-26_1,smt-42,solve,5003,UNKNOWN
FASTJSON-26_1,smt-82,check,2,false
FASTJSON-26_1,smt-82,solve,90,UNSAT
FASTJSON-26_1,smt-82,update,0,
FASTJSON-26_1,smt-4,check,0,false
FASTJSON-26_1,smt-4,solve,55,UNSAT
FASTJSON-26_1,smt-4,update,0,
FASTJSON-26_1,smt-171,check,3,false
SPOON-159_1,smt-83,solve,5002,UNKNOWN
SPOON-159_1,smt-13,check,0,false
SPOON-159_1,smt-13,solve,4,SAT
GUAVA-174_1,smt-91,check,0,false
SPOON-159_1,smt-102,check,0,false
SPOON-159_1,smt-102,solve,7,SAT
GUAVA-174_1,smt-91,solve,7,SAT
SPOON-159_1,smt-17,check,0,false
GUAVA-174_1,smt-247,check,2,false
SPOON-159_1,smt-17,solve,4,SAT
SPOON-159_1,smt-21,check,0,true
SPOON-159_1,smt-58,check,0,true
SPOON-159_1,smt-51,check,0,false
SPOON-159_1,smt-51,solve,7,SAT
FASTJSON-26_1,smt-171,solve,215,UNSAT
FASTJSON-26_1,smt-171,update,0,
SPOON-159_1,smt-71,check,0,false
GUAVA-174_1,smt-247,solve,22,UNSAT
GUAVA-174_1,smt-247,update,0,
GUAVA-174_1,smt-35,check,0,false
FASTJSON-26_1,smt-234,check,2,false
SPOON-159_1,smt-71,solve,33,SAT
SPOON-159_1,smt-26,check,0,false
SPOON-151_1,smt-757,solve,5002,UNKNOWN
GUAVA-174_1,smt-35,solve,24,UNSAT
GUAVA-174_1,smt-35,update,0,
GUAVA-174_1,smt-98,check,0,false
SPOON-151_1,smt-514,check,1,true
SPOON-159_1,smt-26,solve,20,SAT
SPOON-151_1,smt-176,check,4,false
SPOON-159_1,smt-118,check,0,true
SPOON-159_1,smt-130,check,0,false
GUAVA-174_1,smt-98,solve,10,UNSAT
GUAVA-174_1,smt-98,update,0,
GUAVA-174_1,smt-56,check,0,false
GUAVA-174_1,smt-56,solve,4,SAT
GUAVA-174_1,smt-28,check,0,false
SPOON-159_1,smt-130,solve,27,SAT
GUAVA-174_1,smt-28,solve,5,SAT
SPOON-159_1,smt-110,check,0,true
GUAVA-174_1,smt-129,check,1,false
SPOON-159_1,smt-52,check,0,true
SPOON-159_1,smt-39,check,0,false
SPOON-159_1,smt-39,solve,20,SAT
SPOON-159_1,smt-46,check,0,true
SPOON-159_1,smt-2,check,0,false
GUAVA-174_1,smt-129,solve,21,UNSAT
GUAVA-174_1,smt-129,update,0,
SPOON-159_1,smt-2,solve,3,SAT
SPOON-159_1,smt-123,check,0,false
GUAVA-174_1,smt-180,check,0,false
FASTJSON-26_1,smt-234,solve,126,UNSAT
FASTJSON-26_1,smt-234,update,0,
FASTJSON-49_1,smt-39,solve,4616,UNSAT
FASTJSON-49_1,smt-39,update,0,
GUAVA-174_1,smt-180,solve,7,UNSAT
GUAVA-174_1,smt-180,update,0,
FASTJSON-26_1,smt-66,check,0,false
GUAVA-174_1,smt-34,check,1,false
SPOON-159_1,smt-123,solve,30,UNSAT
SPOON-159_1,smt-123,update,0,
SPOON-159_1,smt-79,check,0,false
FASTJSON-26_1,smt-66,solve,29,UNSAT
FASTJSON-26_1,smt-66,update,0,
SPOON-159_1,smt-79,solve,20,SAT
FASTJSON-26_1,smt-120,check,3,false
SPOON-159_1,smt-8,check,0,false
SPOON-159_1,smt-8,solve,3,SAT
SPOON-159_1,smt-122,check,0,false
SPOON-159_1,smt-122,solve,9,UNSAT
SPOON-159_1,smt-122,update,0,
SPOON-159_1,smt-19,check,0,false
SPOON-151_1,smt-176,solve,449,SAT
GUAVA-174_1,smt-34,solve,172,UNSAT
GUAVA-174_1,smt-34,update,0,
SPOON-159_1,smt-19,solve,13,UNSAT
SPOON-159_1,smt-19,update,0,
SPOON-151_1,smt-507,check,2,false
SPOON-159_1,smt-95,check,0,false
GUAVA-174_1,smt-208,check,4,false
SPOON-151_1,smt-507,solve,54,UNSAT
SPOON-151_1,smt-507,update,0,
FASTJSON-26_1,smt-120,solve,111,UNSAT
FASTJSON-26_1,smt-120,update,0,
SPOON-151_1,smt-186,check,0,true
SPOON-151_1,smt-470,check,0,true
FASTJSON-26_1,smt-121,check,2,false
GUAVA-174_1,smt-208,solve,34,UNSAT
GUAVA-174_1,smt-208,update,0,
SPOON-151_1,smt-716,check,3,false
SPOON-159_1,smt-95,solve,95,UNSAT
SPOON-159_1,smt-95,update,0,
SPOON-159_1,smt-84,check,0,true
SPOON-159_1,smt-78,check,1,false
FASTJSON-26_1,smt-121,solve,88,UNSAT
FASTJSON-26_1,smt-121,update,0,
FASTJSON-26_1,smt-256,check,2,false
GUAVA-174_1,smt-244,check,128,false
SPOON-13_1,smt-19,solve,5003,UNKNOWN
SPOON-159_1,smt-78,solve,270,UNSAT
SPOON-159_1,smt-78,update,0,
SPOON-159_1,smt-80,check,0,false
SPOON-159_1,smt-80,solve,23,SAT
SPOON-159_1,smt-115,check,0,false
SPOON-151_1,smt-716,solve,811,SAT
SPOON-151_1,smt-1096,check,1,true
SPOON-151_1,smt-133,check,0,true
SPOON-151_1,smt-206,check,1,false
FASTJSON-49_1,smt-2,check,0,false
SPOON-159_1,smt-115,solve,133,SAT
SPOON-159_1,smt-33,check,0,false
SPOON-159_1,smt-33,solve,19,SAT
SPOON-159_1,smt-73,check,0,true
SPOON-159_1,smt-105,check,0,true
SPOON-159_1,smt-117,check,1,false
GUAVA-78_1,smt-122,solve,4262,UNSAT
GUAVA-78_1,smt-122,update,0,
SPOON-151_1,smt-206,solve,231,SAT
SPOON-151_1,smt-71,check,0,true
SPOON-151_1,smt-26,check,0,true
SPOON-13_1,smt-11,check,1,true
SPOON-151_1,smt-1145,check,1,true
SPOON-151_1,smt-1147,check,1,true
SPOON-151_1,smt-403,check,1,false
SPOON-13_1,smt-16,check,0,false
SPOON-159_1,smt-117,solve,248,UNSAT
SPOON-159_1,smt-117,update,0,
GUAVA-78_1,smt-19,check,0,false
GUAVA-78_1,smt-19,solve,3,SAT
SPOON-159_1,smt-107,check,0,true
SPOON-159_1,smt-93,check,0,false
SPOON-151_1,smt-403,solve,450,SAT
GUAVA-78_1,smt-149,check,2,false
SPOON-159_1,smt-93,solve,27,SAT
SPOON-151_1,smt-639,check,0,true
SPOON-159_1,smt-70,check,0,false
SPOON-151_1,smt-1006,check,1,true
SPOON-151_1,smt-410,check,3,false
SPOON-159_1,smt-70,solve,131,SAT
SPOON-159_1,smt-96,check,1,false
SPOON-159_1,smt-96,solve,87,UNSAT
SPOON-159_1,smt-96,update,0,
SPOON-159_1,smt-91,check,0,true
SPOON-159_1,smt-35,check,0,true
SPOON-159_1,smt-98,check,0,false
SPOON-151_1,smt-410,solve,535,SAT
SPOON-159_1,smt-98,solve,22,SAT
SPOON-151_1,smt-118,check,1,true
SPOON-159_1,smt-56,check,1,false
SPOON-151_1,smt-376,check,0,true
SPOON-151_1,smt-476,check,3,false
SPOON-13_1,smt-16,solve,873,UNSAT
SPOON-13_1,smt-16,update,0,
SPOON-159_1,smt-56,solve,141,UNSAT
SPOON-159_1,smt-56,update,0,
SPOON-159_1,smt-28,check,0,false
SPOON-159_1,smt-28,solve,4,SAT
SPOON-159_1,smt-129,check,0,true
SPOON-159_1,smt-34,check,0,true
SPOON-159_1,smt-68,check,0,true
SPOON-159_1,smt-11,check,0,false
SPOON-159_1,smt-11,solve,3,SAT
SPOON-159_1,smt-50,check,1,false
SPOON-13_1,smt-9,check,2,true
SPOON-13_1,smt-12,check,1,true
SPOON-13_1,smt-22,check,1,false
GUAVA-71_1,smt-207,solve,5002,UNKNOWN
FASTJSON-26_1,smt-256,solve,5003,UNKNOWN
FASTJSON-26_1,smt-268,check,7,false
GUAVA-71_1,smt-76,check,0,false
GUAVA-71_1,smt-76,solve,50,UNSAT
GUAVA-71_1,smt-76,update,0,
GUAVA-71_1,smt-97,check,0,false
GUAVA-71_1,smt-97,solve,8,SAT
GUAVA-71_1,smt-128,check,0,false
FASTJSON-26_1,smt-268,solve,159,UNSAT
FASTJSON-26_1,smt-268,update,0,
GUAVA-71_1,smt-128,solve,4,SAT
GUAVA-71_1,smt-134,check,0,false
FASTJSON-49_1,smt-2,solve,5003,UNKNOWN
GUAVA-71_1,smt-134,solve,8,SAT
GUAVA-71_1,smt-60,check,0,false
FASTJSON-26_1,smt-85,check,2,false
GUAVA-71_1,smt-60,solve,8,SAT
GUAVA-71_1,smt-144,check,0,true
GUAVA-71_1,smt-38,check,0,false
FASTJSON-49_1,smt-8,check,0,false
GUAVA-71_1,smt-38,solve,10,SAT
GUAVA-71_1,smt-182,check,0,true
GUAVA-71_1,smt-175,check,0,false
FASTJSON-49_1,smt-8,solve,10,SAT
GUAVA-71_1,smt-175,solve,12,UNSAT
GUAVA-71_1,smt-175,update,0,
FASTJSON-49_1,smt-19,check,0,false
GUAVA-71_1,smt-45,check,0,false
GUAVA-71_1,smt-45,solve,6,SAT
GUAVA-71_1,smt-64,check,0,false
FASTJSON-26_1,smt-85,solve,65,UNSAT
FASTJSON-26_1,smt-85,update,0,
GUAVA-71_1,smt-64,solve,7,SAT
GUAVA-71_1,smt-25,check,0,false
FASTJSON-26_1,smt-104,check,2,false
GUAVA-71_1,smt-25,solve,6,SAT
GUAVA-71_1,smt-32,check,0,false
GUAVA-71_1,smt-32,solve,8,SAT
GUAVA-71_1,smt-99,check,0,false
GUAVA-71_1,smt-99,solve,14,SAT
GUAVA-71_1,smt-43,check,0,true
GUAVA-71_1,smt-47,check,0,true
GUAVA-71_1,smt-156,check,0,false
FASTJSON-26_1,smt-104,solve,107,UNSAT
FASTJSON-26_1,smt-104,update,0,
FASTJSON-26_1,smt-218,check,3,false
GUAVA-78_1,smt-149,solve,5011,UNKNOWN
FASTJSON-26_1,smt-218,solve,100,UNSAT
FASTJSON-26_1,smt-218,update,0,
GUAVA-71_1,smt-156,solve,434,SAT
GUAVA-71_1,smt-124,check,0,false
FASTJSON-26_1,smt-183,check,3,false
GUAVA-71_1,smt-124,solve,3,UNSAT
GUAVA-71_1,smt-124,update,0,
GUAVA-71_1,smt-154,check,0,false
GUAVA-71_1,smt-154,solve,88,UNSAT
GUAVA-71_1,smt-154,update,0,
GUAVA-71_1,smt-116,check,0,false
GUAVA-71_1,smt-116,solve,6,SAT
GUAVA-71_1,smt-101,check,0,true
GUAVA-71_1,smt-30,check,0,true
GUAVA-71_1,smt-138,check,0,false
GUAVA-78_1,smt-95,check,1,false
GUAVA-71_1,smt-138,solve,9,SAT
GUAVA-71_1,smt-168,check,0,false
GUAVA-71_1,smt-168,solve,11,UNSAT
GUAVA-71_1,smt-168,update,0,
GUAVA-71_1,smt-40,check,0,false
GUAVA-71_1,smt-40,solve,5,SAT
GUAVA-71_1,smt-111,check,0,true
GUAVA-71_1,smt-20,check,0,false
GUAVA-174_1,smt-244,solve,5003,UNKNOWN
GUAVA-71_1,smt-20,solve,3,SAT
GUAVA-71_1,smt-190,check,0,false
SPOON-151_1,smt-476,solve,5002,UNKNOWN
SPOON-151_1,smt-212,check,0,true
SPOON-151_1,smt-349,check,0,true
SPOON-151_1,smt-942,check,3,false
GUAVA-71_1,smt-190,solve,152,UNSAT
GUAVA-71_1,smt-190,update,0,
GUAVA-71_1,smt-74,check,0,false
GUAVA-71_1,smt-74,solve,7,SAT
GUAVA-71_1,smt-69,check,0,false
GUAVA-71_1,smt-69,solve,149,SAT
GUAVA-71_1,smt-3,check,0,false
GUAVA-71_1,smt-3,solve,2,SAT
GUAVA-71_1,smt-81,check,0,false
GUAVA-71_1,smt-81,solve,7,SAT
GUAVA-71_1,smt-179,check,1,false
SPOON-159_1,smt-50,solve,5002,UNKNOWN
SPOON-159_1,smt-44,check,0,false
GUAVA-71_1,smt-179,solve,117,UNSAT
GUAVA-71_1,smt-179,update,0,
GUAVA-71_1,smt-114,check,0,false
SPOON-159_1,smt-44,solve,132,SAT
SPOON-159_1,smt-16,check,0,true
SPOON-159_1,smt-125,check,0,false
GUAVA-71_1,smt-114,solve,12,SAT
GUAVA-71_1,smt-139,check,0,false
GUAVA-71_1,smt-139,solve,3,UNSAT
GUAVA-71_1,smt-139,update,0,
GUAVA-71_1,smt-10,check,0,false
SPOON-159_1,smt-125,solve,32,SAT
GUAVA-71_1,smt-10,solve,3,SAT
GUAVA-71_1,smt-49,check,0,false
SPOON-159_1,smt-94,check,0,true
SPOON-159_1,smt-9,check,0,false
SPOON-159_1,smt-9,solve,3,SAT
GUAVA-71_1,smt-49,solve,7,SAT
SPOON-159_1,smt-12,check,0,false
GUAVA-71_1,smt-83,check,0,false
SPOON-159_1,smt-12,solve,5,SAT
GUAVA-71_1,smt-83,solve,3,SAT
SPOON-159_1,smt-61,check,0,false
GUAVA-71_1,smt-13,check,0,false
GUAVA-71_1,smt-13,solve,3,SAT
GUAVA-71_1,smt-102,check,0,false
GUAVA-71_1,smt-102,solve,7,SAT
GUAVA-71_1,smt-17,check,0,false
GUAVA-71_1,smt-17,solve,3,UNSAT
GUAVA-71_1,smt-17,update,0,
GUAVA-71_1,smt-21,check,0,false
GUAVA-71_1,smt-21,solve,6,SAT
GUAVA-71_1,smt-153,check,0,false
SPOON-159_1,smt-61,solve,87,SAT
GUAVA-71_1,smt-153,solve,6,SAT
GUAVA-71_1,smt-58,check,0,false
SPOON-159_1,smt-108,check,2,false
GUAVA-71_1,smt-58,solve,21,SAT
GUAVA-71_1,smt-51,check,0,true
GUAVA-71_1,smt-176,check,0,false
GUAVA-71_1,smt-176,solve,19,SAT
GUAVA-71_1,smt-186,check,0,false
GUAVA-71_1,smt-186,solve,14,UNSAT
GUAVA-71_1,smt-186,update,0,
GUAVA-71_1,smt-133,check,0,false
GUAVA-71_1,smt-133,solve,7,UNSAT
GUAVA-71_1,smt-133,update,0,
SPOON-13_1,smt-22,solve,5114,UNKNOWN
GUAVA-174_1,smt-201,check,2,false
GUAVA-71_1,smt-206,check,53,false
SPOON-13_1,smt-6,check,0,false
SPOON-13_1,smt-6,solve,4,SAT
GUAVA-174_1,smt-201,solve,619,SAT
GUAVA-174_1,smt-169,check,1,false
SPOON-13_1,smt-5,check,2,true
GUAVA-174_1,smt-169,solve,10,UNSAT
GUAVA-174_1,smt-169,update,0,
GUAVA-174_1,smt-68,check,0,false
GUAVA-174_1,smt-68,solve,42,UNSAT
GUAVA-174_1,smt-68,update,0,
GUAVA-174_1,smt-160,check,0,false
SPOON-13_1,smt-15,check,3,false
GUAVA-174_1,smt-160,solve,58,SAT
GUAVA-174_1,smt-11,check,0,false
GUAVA-174_1,smt-11,solve,4,SAT
GUAVA-174_1,smt-50,check,0,false
GUAVA-174_1,smt-50,solve,3,SAT
GUAVA-174_1,smt-217,check,4,false
GUAVA-174_1,smt-217,solve,28,UNSAT
GUAVA-174_1,smt-217,update,0,
GUAVA-174_1,smt-44,check,0,false
GUAVA-174_1,smt-44,solve,3,SAT
GUAVA-174_1,smt-16,check,0,false
GUAVA-174_1,smt-16,solve,7,UNSAT
GUAVA-174_1,smt-16,update,0,
GUAVA-174_1,smt-146,check,0,false
GUAVA-174_1,smt-146,solve,43,SAT
GUAVA-174_1,smt-226,check,14,false
FASTJSON-49_1,smt-19,solve,5002,UNKNOWN
FASTJSON-49_1,smt-33,check,0,false
FASTJSON-26_1,smt-183,solve,4396,SAT
FASTJSON-49_1,smt-33,solve,55,SAT
FASTJSON-26_1,smt-199,check,0,false
FASTJSON-49_1,smt-35,check,0,false
FASTJSON-26_1,smt-199,solve,4,SAT
FASTJSON-26_1,smt-127,check,0,false
FASTJSON-49_1,smt-35,solve,8,UNSAT
FASTJSON-49_1,smt-35,update,0,
GUAVA-174_1,smt-226,solve,358,UNSAT
GUAVA-174_1,smt-226,update,0,
FASTJSON-49_1,smt-28,check,0,false
FASTJSON-26_1,smt-127,solve,66,SAT
GUAVA-174_1,smt-125,check,1,false
FASTJSON-49_1,smt-28,solve,10,UNSAT
FASTJSON-49_1,smt-28,update,0,
FASTJSON-26_1,smt-24,check,1,false
FASTJSON-49_1,smt-34,check,0,false
FASTJSON-49_1,smt-34,solve,13,UNSAT
FASTJSON-49_1,smt-34,update,0,
GUAVA-174_1,smt-125,solve,20,UNSAT
GUAVA-174_1,smt-125,update,0,
FASTJSON-49_1,smt-11,check,1,false
FASTJSON-26_1,smt-24,solve,299,SAT
FASTJSON-26_1,smt-36,check,1,false
GUAVA-174_1,smt-240,check,119,false
GUAVA-78_1,smt-95,solve,5002,UNKNOWN
SPOON-13_1,smt-15,solve,1159,UNSAT
SPOON-13_1,smt-15,update,0,
FASTJSON-26_1,smt-36,solve,64,UNSAT
FASTJSON-26_1,smt-36,update,0,
FASTJSON-26_1,smt-207,check,3,false
SPOON-151_1,smt-942,solve,5002,UNKNOWN
SPOON-151_1,smt-466,check,3,true
SPOON-151_1,smt-670,check,2,true
SPOON-151_1,smt-925,check,1,true
SPOON-151_1,smt-306,check,2,false
GUAVA-78_1,smt-84,check,0,false
GUAVA-78_1,smt-84,solve,3,UNSAT
GUAVA-78_1,smt-84,update,0,
GUAVA-78_1,smt-78,check,0,false
FASTJSON-26_1,smt-207,solve,145,UNSAT
FASTJSON-26_1,smt-207,update,0,
SPOON-13_1,smt-14,check,4,false
FASTJSON-26_1,smt-76,check,6,false
SPOON-151_1,smt-306,solve,69,UNSAT
SPOON-151_1,smt-306,update,4,
GUAVA-78_1,smt-78,solve,76,SAT
SPOON-151_1,smt-1072,check,0,true
SPOON-151_1,smt-342,check,2,false
GUAVA-78_1,smt-164,check,3,false
SPOON-151_1,smt-342,solve,30,UNSAT
SPOON-151_1,smt-342,update,0,
SPOON-151_1,smt-1022,check,1,true
FASTJSON-26_1,smt-76,solve,112,UNSAT
SPOON-151_1,smt-840,check,85,true
FASTJSON-26_1,smt-76,update,1,
SPOON-151_1,smt-364,check,1,true
SPOON-151_1,smt-384,check,2,true
SPOON-151_1,smt-137,check,1,true
FASTJSON-26_1,smt-97,check,4,false
SPOON-151_1,smt-1017,check,2,true
SPOON-151_1,smt-1158,check,3,false
FASTJSON-26_1,smt-97,solve,133,UNSAT
FASTJSON-26_1,smt-97,update,0,
FASTJSON-26_1,smt-128,check,8,false
SPOON-151_1,smt-1158,solve,569,SAT
SPOON-159_1,smt-108,solve,5002,UNKNOWN
SPOON-151_1,smt-918,check,1,true
SPOON-151_1,smt-255,check,1,false
SPOON-159_1,smt-22,check,0,true
SPOON-159_1,smt-62,check,0,false
SPOON-159_1,smt-62,solve,5,SAT
SPOON-159_1,smt-63,check,0,false
SPOON-159_1,smt-63,solve,5,SAT
SPOON-159_1,smt-119,check,0,true
SPOON-159_1,smt-41,check,0,false
SPOON-159_1,smt-41,solve,22,SAT
SPOON-151_1,smt-255,solve,141,UNSAT
SPOON-151_1,smt-255,update,0,
SPOON-159_1,smt-72,check,0,false
SPOON-151_1,smt-239,check,2,false
FASTJSON-26_1,smt-128,solve,202,UNSAT
FASTJSON-26_1,smt-128,update,0,
FASTJSON-26_1,smt-134,check,5,false
SPOON-151_1,smt-239,solve,38,UNSAT
SPOON-151_1,smt-239,update,1,
SPOON-151_1,smt-971,check,0,true
SPOON-159_1,smt-72,solve,128,SAT
SPOON-151_1,smt-848,check,1,true
SPOON-159_1,smt-112,check,0,false
SPOON-151_1,smt-930,check,1,true
SPOON-151_1,smt-203,check,0,false
SPOON-151_1,smt-203,solve,30,SAT
SPOON-151_1,smt-735,check,0,true
SPOON-151_1,smt-130,check,2,false
SPOON-159_1,smt-112,solve,168,SAT
SPOON-159_1,smt-6,check,0,false
SPOON-159_1,smt-6,solve,5,UNSAT
SPOON-159_1,smt-6,update,0,
SPOON-159_1,smt-103,check,0,false
FASTJSON-26_1,smt-134,solve,118,UNSAT
FASTJSON-26_1,smt-134,update,0,
SPOON-151_1,smt-130,solve,100,UNSAT
SPOON-151_1,smt-130,update,0,
SPOON-151_1,smt-340,check,0,true
FASTJSON-26_1,smt-216,check,3,false
SPOON-151_1,smt-602,check,3,false
SPOON-159_1,smt-103,solve,33,SAT
SPOON-159_1,smt-126,check,0,false
SPOON-159_1,smt-126,solve,22,SAT
SPOON-159_1,smt-29,check,0,true
SPOON-159_1,smt-5,check,0,false
SPOON-159_1,smt-5,solve,7,SAT
SPOON-159_1,smt-86,check,0,false
FASTJSON-26_1,smt-216,solve,88,UNSAT
FASTJSON-26_1,smt-216,update,0,
FASTJSON-26_1,smt-60,check,4,false
SPOON-159_1,smt-86,solve,131,SAT
SPOON-159_1,smt-106,check,2,false
SPOON-151_1,smt-602,solve,436,SAT
SPOON-151_1,smt-209,check,0,true
SPOON-151_1,smt-600,check,0,true
SPOON-151_1,smt-610,check,1,true
SPOON-151_1,smt-366,check,1,false
FASTJSON-26_1,smt-60,solve,108,UNSAT
FASTJSON-26_1,smt-60,update,0,
FASTJSON-26_1,smt-144,check,1,false
SPOON-151_1,smt-366,solve,30,UNSAT
SPOON-151_1,smt-366,update,0,
SPOON-151_1,smt-1040,check,0,true
SPOON-151_1,smt-524,check,0,true
SPOON-151_1,smt-148,check,0,true
SPOON-151_1,smt-1195,check,2,false
FASTJSON-26_1,smt-144,solve,218,SAT
SPOON-159_1,smt-106,solve,255,UNSAT
SPOON-159_1,smt-106,update,0,
FASTJSON-26_1,smt-38,check,1,false
SPOON-159_1,smt-15,check,0,true
SPOON-159_1,smt-14,check,0,false
SPOON-159_1,smt-14,solve,14,UNSAT
SPOON-159_1,smt-14,update,0,
SPOON-159_1,smt-131,check,1,false
FASTJSON-26_1,smt-38,solve,79,UNSAT
FASTJSON-26_1,smt-38,update,0,
FASTJSON-26_1,smt-182,check,3,false
SPOON-151_1,smt-1195,solve,568,SAT
SPOON-151_1,smt-253,check,0,true
FASTJSON-26_1,smt-182,solve,65,UNSAT
FASTJSON-26_1,smt-182,update,0,
SPOON-151_1,smt-406,check,3,false
FASTJSON-26_1,smt-175,check,0,false
FASTJSON-26_1,smt-175,solve,61,SAT
FASTJSON-26_1,smt-45,check,3,false
GUAVA-71_1,smt-206,solve,5002,UNKNOWN
FASTJSON-26_1,smt-45,solve,133,UNSAT
FASTJSON-26_1,smt-45,update,0,
SPOON-151_1,smt-406,solve,429,SAT
FASTJSON-26_1,smt-274,check,3,false
SPOON-151_1,smt-821,check,1,true
GUAVA-71_1,smt-71,check,0,false
FASTJSON-49_1,smt-11,solve,5002,UNKNOWN
SPOON-151_1,smt-1023,check,0,true
SPOON-151_1,smt-269,check,3,false
GUAVA-71_1,smt-71,solve,6,SAT
GUAVA-71_1,smt-26,check,0,false
GUAVA-71_1,smt-26,solve,8,UNSAT
GUAVA-71_1,smt-26,update,0,
GUAVA-71_1,smt-118,check,0,false
GUAVA-71_1,smt-118,solve,6,SAT
FASTJSON-49_1,smt-16,check,0,false
GUAVA-71_1,smt-137,check,0,false
FASTJSON-49_1,smt-16,solve,13,SAT
SPOON-151_1,smt-269,solve,106,UNSAT
SPOON-151_1,smt-269,update,0,
FASTJSON-49_1,smt-9,check,0,false
SPOON-151_1,smt-528,check,1,true
SPOON-151_1,smt-435,check,0,true
SPOON-151_1,smt-390,check,3,false
GUAVA-71_1,smt-137,solve,224,SAT
SPOON-151_1,smt-390,solve,34,UNSAT
SPOON-151_1,smt-390,update,0,
SPOON-151_1,smt-377,check,0,true
GUAVA-71_1,smt-203,check,1,false
SPOON-151_1,smt-1134,check,3,false
FASTJSON-49_1,smt-9,solve,151,UNSAT
FASTJSON-49_1,smt-9,update,0,
FASTJSON-49_1,smt-12,check,0,true
FASTJSON-49_1,smt-22,check,1,false
GUAVA-71_1,smt-203,solve,230,SAT
GUAVA-71_1,smt-130,check,0,true
GUAVA-78_1,smt-164,solve,5002,UNKNOWN
FASTJSON-49_1,smt-22,solve,144,UNSAT
FASTJSON-49_1,smt-22,update,0,
FASTJSON-49_1,smt-6,check,0,false
SPOON-151_1,smt-1134,solve,710,SAT
SPOON-151_1,smt-159,check,1,true
SPOON-151_1,smt-272,check,0,true
SPOON-151_1,smt-1175,check,6,true
GUAVA-78_1,smt-151,check,1,false
SPOON-151_1,smt-1196,check,1,true
SPOON-151_1,smt-790,check,1,true
SPOON-151_1,smt-110,check,0,true
SPOON-151_1,smt-978,check,0,true
SPOON-151_1,smt-798,check,1,true
SPOON-151_1,smt-219,check,0,true
SPOON-151_1,smt-322,check,0,true
SPOON-151_1,smt-52,check,1,false
FASTJSON-49_1,smt-6,solve,125,UNSAT
FASTJSON-49_1,smt-6,update,0,
FASTJSON-49_1,smt-29,check,0,false
FASTJSON-26_1,smt-274,solve,1553,SAT
FASTJSON-49_1,smt-29,solve,68,SAT
FASTJSON-49_1,smt-5,check,1,false
FASTJSON-26_1,smt-259,check,0,false
SPOON-13_1,smt-14,solve,5288,UNKNOWN
FASTJSON-26_1,smt-259,solve,85,SAT
FASTJSON-26_1,smt-285,check,4,false
GUAVA-71_1,smt-209,check,251,false
SPOON-151_1,smt-52,solve,574,SAT
SPOON-151_1,smt-1106,check,0,true
SPOON-151_1,smt-39,check,0,true
SPOON-151_1,smt-874,check,0,true
SPOON-151_1,smt-847,check,1,true
SPOON-151_1,smt-920,check,3,false
SPOON-151_1,smt-920,solve,60,UNSAT
SPOON-151_1,smt-920,update,0,
SPOON-151_1,smt-572,check,0,true
SPOON-151_1,smt-902,check,0,true
SPOON-151_1,smt-741,check,1,true
SPOON-151_1,smt-1089,check,1,true
SPOON-151_1,smt-46,check,0,true
SPOON-151_1,smt-2,check,0,false
SPOON-151_1,smt-2,solve,14,UNSAT
SPOON-151_1,smt-2,update,0,
GUAVA-174_1,smt-240,solve,5003,UNKNOWN
SPOON-151_1,smt-829,check,1,true
SPOON-151_1,smt-1064,check,0,true
SPOON-151_1,smt-347,check,0,true
SPOON-151_1,smt-187,check,0,true
SPOON-151_1,smt-984,check,0,true
SPOON-151_1,smt-123,check,2,false
SPOON-13_1,smt-23,check,3,false
SPOON-151_1,smt-123,solve,40,UNSAT
SPOON-151_1,smt-123,update,0,
SPOON-151_1,smt-79,check,0,true
SPOON-151_1,smt-341,check,0,true
SPOON-151_1,smt-414,check,3,false
FASTJSON-26_1,smt-285,solve,1403,SAT
FASTJSON-26_1,smt-64,check,0,false
FASTJSON-26_1,smt-64,solve,81,SAT
FASTJSON-26_1,smt-25,check,1,false
SPOON-151_1,smt-414,solve,869,SAT
SPOON-151_1,smt-8,check,0,true
SPOON-151_1,smt-635,check,1,true
FASTJSON-26_1,smt-25,solve,29,UNSAT
FASTJSON-26_1,smt-25,update,0,
SPOON-151_1,smt-1020,check,1,true
SPOON-151_1,smt-702,check,1,true
SPOON-151_1,smt-1126,check,2,false
FASTJSON-26_1,smt-278,check,8,false
SPOON-151_1,smt-1126,solve,29,UNSAT
SPOON-151_1,smt-1126,update,0,
SPOON-151_1,smt-954,check,0,true
SPOON-159_1,smt-131,solve,5003,UNKNOWN
SPOON-151_1,smt-214,check,2,true
SPOON-151_1,smt-122,check,2,true
SPOON-151_1,smt-19,check,0,true
SPOON-151_1,smt-229,check,1,false
SPOON-159_1,smt-65,check,0,true
SPOON-159_1,smt-113,check,0,false
SPOON-159_1,smt-113,solve,5,SAT
SPOON-159_1,smt-54,check,0,false
SPOON-159_1,smt-54,solve,22,SAT
SPOON-159_1,smt-55,check,0,true
SPOON-159_1,smt-109,check,0,false
SPOON-159_1,smt-109,solve,18,SAT
SPOON-159_1,smt-23,check,0,true
SPOON-159_1,smt-77,check,0,false
GUAVA-174_1,smt-238,check,10,false
SPOON-159_1,smt-77,solve,119,SAT
FASTJSON-26_1,smt-278,solve,320,UNSAT
FASTJSON-26_1,smt-278,update,0,
FASTJSON-50_1,smt-57,check,0,false
FASTJSON-50_1,smt-57,solve,22,SAT
FASTJSON-26_1,smt-32,check,0,false
FASTJSON-50_1,smt-173,check,0,false
SPOON-151_1,smt-229,solve,697,SAT
FASTJSON-50_1,smt-173,solve,68,UNSAT
FASTJSON-50_1,smt-173,update,0,
SPOON-151_1,smt-646,check,3,false
FASTJSON-50_1,smt-225,check,0,false
GUAVA-174_1,smt-238,solve,130,UNSAT
GUAVA-174_1,smt-238,update,0,
GUAVA-174_1,smt-94,check,0,false
SPOON-151_1,smt-646,solve,41,UNSAT
SPOON-151_1,smt-646,update,0,
GUAVA-174_1,smt-94,solve,12,UNSAT
GUAVA-174_1,smt-94,update,0,
GUAVA-174_1,smt-223,check,1,false
SPOON-151_1,smt-1159,check,0,true
SPOON-151_1,smt-149,check,0,true
SPOON-151_1,smt-1094,check,0,true
SPOON-151_1,smt-95,check,0,true
SPOON-151_1,smt-897,check,3,false
GUAVA-174_1,smt-223,solve,26,UNSAT
GUAVA-174_1,smt-223,update,0,
GUAVA-174_1,smt-192,check,6,false
FASTJSON-50_1,smt-225,solve,358,SAT
FASTJSON-50_1,smt-227,check,0,false
FASTJSON-26_1,smt-32,solve,724,SAT
GUAVA-174_1,smt-192,solve,34,UNSAT
GUAVA-174_1,smt-192,update,0,
GUAVA-174_1,smt-177,check,0,false
FASTJSON-26_1,smt-283,check,5,false
GUAVA-174_1,smt-177,solve,54,SAT
GUAVA-174_1,smt-9,check,0,false
GUAVA-174_1,smt-9,solve,6,SAT
GUAVA-174_1,smt-12,check,0,false
GUAVA-174_1,smt-12,solve,7,SAT
GUAVA-174_1,smt-61,check,0,false
GUAVA-174_1,smt-61,solve,3,SAT
FASTJSON-50_1,smt-227,solve,121,UNSAT
FASTJSON-50_1,smt-227,update,0,
FASTJSON-50_1,smt-271,check,0,false
GUAVA-174_1,smt-246,check,50,false
FASTJSON-26_1,smt-283,solve,105,UNSAT
FASTJSON-26_1,smt-283,update,0,
FASTJSON-50_1,smt-271,solve,88,SAT
FASTJSON-50_1,smt-90,check,0,false
FASTJSON-26_1,smt-99,check,4,false
FASTJSON-50_1,smt-90,solve,9,SAT
FASTJSON-50_1,smt-220,check,0,false
FASTJSON-50_1,smt-220,solve,3,SAT
FASTJSON-50_1,smt-191,check,0,false
FASTJSON-50_1,smt-191,solve,3,SAT
FASTJSON-50_1,smt-37,check,0,false
FASTJSON-50_1,smt-37,solve,23,SAT
FASTJSON-50_1,smt-1,check,0,false
FASTJSON-50_1,smt-1,solve,4,SAT
FASTJSON-50_1,smt-142,check,0,false
FASTJSON-50_1,smt-142,solve,3,SAT
FASTJSON-50_1,smt-162,check,0,false
SPOON-151_1,smt-897,solve,988,SAT
SPOON-151_1,smt-433,check,0,true
FASTJSON-26_1,smt-99,solve,117,UNSAT
FASTJSON-26_1,smt-99,update,0,
GUAVA-78_1,smt-151,solve,5002,UNKNOWN
SPOON-151_1,smt-372,check,0,true
SPOON-151_1,smt-819,check,1,true
FASTJSON-26_1,smt-43,check,1,false
SPOON-151_1,smt-842,check,1,true
SPOON-151_1,smt-680,check,0,true
SPOON-151_1,smt-582,check,0,true
SPOON-151_1,smt-642,check,0,true
SPOON-151_1,smt-1116,check,2,false
FASTJSON-50_1,smt-162,solve,329,SAT
FASTJSON-26_1,smt-43,solve,63,UNSAT
FASTJSON-26_1,smt-43,update,0,
FASTJSON-50_1,smt-87,check,0,false
FASTJSON-26_1,smt-47,check,1,false
GUAVA-78_1,smt-80,check,0,false
FASTJSON-50_1,smt-87,solve,4,SAT
FASTJSON-50_1,smt-158,check,0,false
FASTJSON-50_1,smt-158,solve,5,SAT
FASTJSON-50_1,smt-264,check,0,false
GUAVA-78_1,smt-80,solve,66,UNSAT
GUAVA-78_1,smt-80,update,0,
FASTJSON-26_1,smt-47,solve,38,UNSAT
FASTJSON-26_1,smt-47,update,0,
GUAVA-78_1,smt-115,check,0,false
FASTJSON-49_1,smt-5,solve,5003,UNKNOWN
FASTJSON-26_1,smt-156,check,4,false
GUAVA-78_1,smt-115,solve,72,SAT
FASTJSON-49_1,smt-15,check,0,true
FASTJSON-49_1,smt-14,check,1,false
GUAVA-78_1,smt-161,check,1,false
SPOON-151_1,smt-1116,solve,648,SAT
SPOON-151_1,smt-84,check,0,true
SPOON-151_1,smt-1030,check,3,false
FASTJSON-50_1,smt-264,solve,687,SAT
SPOON-151_1,smt-1030,solve,127,UNSAT
SPOON-151_1,smt-1030,update,0,
FASTJSON-50_1,smt-237,check,0,false
SPOON-151_1,smt-1053,check,3,false
SPOON-151_1,smt-1053,solve,55,UNSAT
SPOON-151_1,smt-1053,update,0,
SPOON-151_1,smt-1184,check,5,false
FASTJSON-50_1,smt-237,solve,126,UNSAT
FASTJSON-50_1,smt-237,update,0,
SPOON-151_1,smt-1184,solve,69,UNSAT
SPOON-151_1,smt-1184,update,0,
FASTJSON-50_1,smt-266,check,0,false
SPOON-151_1,smt-506,check,2,true
SPOON-151_1,smt-510,check,1,true
SPOON-151_1,smt-501,check,0,true
SPOON-151_1,smt-1160,check,0,true
SPOON-151_1,smt-78,check,0,true
SPOON-151_1,smt-879,check,1,true
SPOON-151_1,smt-771,check,1,true
SPOON-151_1,smt-552,check,0,true
SPOON-151_1,smt-1016,check,1,true
SPOON-151_1,smt-359,check,4,false
SPOON-13_1,smt-23,solve,5013,UNKNOWN
SPOON-151_1,smt-359,solve,397,SAT
SPOON-151_1,smt-1180,check,0,true
SPOON-151_1,smt-851,check,0,true
SPOON-151_1,smt-1166,check,4,false
SPOON-107_1,smt-57,check,0,false
FASTJSON-49_1,smt-14,solve,2687,SAT
FASTJSON-49_1,smt-23,check,0,false
FASTJSON-49_1,smt-23,solve,10,SAT
GUAVA-197_1,smt-57,check,0,false
GUAVA-197_1,smt-57,solve,408,SAT
GUAVA-197_1,smt-37,check,0,false
FASTJSON-26_1,smt-156,solve,5002,UNKNOWN
FASTJSON-26_1,smt-124,check,1,false
GUAVA-174_1,smt-246,solve,5003,UNKNOWN
GUAVA-78_1,smt-161,solve,5004,UNKNOWN
FASTJSON-26_1,smt-124,solve,24,UNSAT
FASTJSON-26_1,smt-124,update,0,
FASTJSON-26_1,smt-262,check,7,false
GUAVA-197_1,smt-37,solve,520,SAT
GUAVA-78_1,smt-33,check,0,true
GUAVA-78_1,smt-73,check,0,false
FASTJSON-26_1,smt-262,solve,104,UNSAT
FASTJSON-26_1,smt-262,update,0,
GUAVA-197_1,smt-1,check,0,false
GUAVA-197_1,smt-1,solve,2,SAT
FASTJSON-26_1,smt-154,check,8,false
GUAVA-197_1,smt-31,check,0,false
FASTJSON-26_1,smt-154,solve,146,UNSAT
FASTJSON-26_1,smt-154,update,0,
FASTJSON-26_1,smt-116,check,1,true
FASTJSON-26_1,smt-101,check,4,false
FASTJSON-50_1,smt-266,solve,5002,UNKNOWN
FASTJSON-50_1,smt-270,check,0,false
FASTJSON-50_1,smt-270,solve,4,SAT
FASTJSON-50_1,smt-31,check,0,false
FASTJSON-50_1,smt-31,solve,4,SAT
FASTJSON-50_1,smt-89,check,0,false
FASTJSON-50_1,smt-89,solve,11,SAT
FASTJSON-50_1,smt-53,check,0,false
FASTJSON-50_1,smt-53,solve,25,SAT
FASTJSON-50_1,smt-7,check,0,false
FASTJSON-50_1,smt-7,solve,3,SAT
FASTJSON-26_1,smt-101,solve,143,UNSAT
FASTJSON-26_1,smt-101,update,0,
FASTJSON-50_1,smt-202,check,0,false
FASTJSON-26_1,smt-228,check,6,false
GUAVA-78_1,smt-73,solve,1215,SAT
SPOON-151_1,smt-1166,solve,5002,UNKNOWN
SPOON-151_1,smt-1002,check,1,true
SPOON-151_1,smt-584,check,0,true
GUAVA-78_1,smt-105,check,0,false
SPOON-151_1,smt-733,check,0,true
SPOON-151_1,smt-884,check,4,false
FASTJSON-26_1,smt-228,solve,185,UNSAT
FASTJSON-26_1,smt-228,update,0,
GUAVA-174_1,smt-170,check,1,false
FASTJSON-26_1,smt-30,check,1,false
GUAVA-174_1,smt-170,solve,16,UNSAT
GUAVA-174_1,smt-170,update,0,
GUAVA-174_1,smt-198,check,4,false
SPOON-107_1,smt-57,solve,5002,UNKNOWN
FASTJSON-26_1,smt-30,solve,69,UNSAT
FASTJSON-26_1,smt-30,update,0,
FASTJSON-26_1,smt-138,check,6,false
GUAVA-197_1,smt-31,solve,911,SAT
GUAVA-174_1,smt-198,solve,170,UNSAT
GUAVA-174_1,smt-198,update,0,
GUAVA-174_1,smt-132,check,1,false
GUAVA-174_1,smt-132,solve,45,SAT
GUAVA-197_1,smt-53,check,0,false
GUAVA-174_1,smt-108,check,3,false
GUAVA-197_1,smt-53,solve,4,SAT
GUAVA-197_1,smt-7,check,0,false
GUAVA-197_1,smt-7,solve,3,SAT
SPOON-107_1,smt-90,check,0,false
GUAVA-197_1,smt-27,check,0,false
GUAVA-71_1,smt-209,solve,5071,UNKNOWN
GUAVA-174_1,smt-108,solve,1567,SAT
GUAVA-174_1,smt-196,check,6,false
GUAVA-71_1,smt-148,check,0,false
GUAVA-174_1,smt-196,solve,38,UNSAT
GUAVA-174_1,smt-196,update,0,
GUAVA-174_1,smt-205,check,8,false
GUAVA-71_1,smt-148,solve,191,SAT
GUAVA-174_1,smt-205,solve,72,UNSAT
GUAVA-174_1,smt-205,update,0,
GUAVA-71_1,smt-159,check,0,false
GUAVA-174_1,smt-163,check,0,false
GUAVA-71_1,smt-159,solve,11,SAT
GUAVA-71_1,smt-110,check,0,false
GUAVA-71_1,smt-110,solve,7,SAT
GUAVA-71_1,smt-52,check,0,true
GUAVA-71_1,smt-39,check,0,false
GUAVA-174_1,smt-163,solve,91,SAT
GUAVA-71_1,smt-39,solve,11,SAT
GUAVA-174_1,smt-22,check,0,false
GUAVA-71_1,smt-46,check,0,false
GUAVA-174_1,smt-22,solve,7,SAT
GUAVA-71_1,smt-46,solve,5,SAT
GUAVA-71_1,smt-2,check,0,false
GUAVA-71_1,smt-2,solve,4,SAT
GUAVA-174_1,smt-224,check,16,false
GUAVA-71_1,smt-187,check,0,false
GUAVA-197_1,smt-27,solve,1364,SAT
SPOON-151_1,smt-884,solve,3173,UNSAT
SPOON-151_1,smt-884,update,0,
SPOON-151_1,smt-521,check,5,false
GUAVA-71_1,smt-187,solve,109,SAT
GUAVA-71_1,smt-123,check,0,false
GUAVA-71_1,smt-123,solve,5,SAT
GUAVA-71_1,smt-79,check,0,false
GUAVA-197_1,smt-48,check,0,false
GUAVA-197_1,smt-48,solve,2,UNSAT
GUAVA-197_1,smt-48,update,0,
GUAVA-197_1,smt-18,check,0,false
GUAVA-197_1,smt-18,solve,1,SAT
GUAVA-174_1,smt-224,solve,223,UNSAT
GUAVA-174_1,smt-224,update,0,
GUAVA-174_1,smt-62,check,0,false
GUAVA-71_1,smt-79,solve,173,SAT
GUAVA-174_1,smt-62,solve,22,SAT
GUAVA-71_1,smt-8,check,0,true
GUAVA-71_1,smt-122,check,0,true
GUAVA-174_1,smt-63,check,0,false
GUAVA-71_1,smt-19,check,0,false
GUAVA-71_1,smt-19,solve,5,SAT
GUAVA-174_1,smt-63,solve,11,SAT
GUAVA-197_1,smt-59,check,9,false
GUAVA-71_1,smt-149,check,0,true
GUAVA-71_1,smt-95,check,0,false
GUAVA-174_1,smt-119,check,0,false
GUAVA-174_1,smt-119,solve,6,SAT
GUAVA-174_1,smt-41,check,0,false
GUAVA-71_1,smt-95,solve,20,SAT
GUAVA-174_1,smt-41,solve,12,SAT
GUAVA-71_1,smt-84,check,0,true
GUAVA-71_1,smt-78,check,0,false
GUAVA-174_1,smt-194,check,6,false
SPOON-151_1,smt-521,solve,466,SAT
GUAVA-71_1,smt-78,solve,15,UNSAT
GUAVA-71_1,smt-78,update,0,
GUAVA-71_1,smt-164,check,1,false
SPOON-151_1,smt-1129,check,2,true
SPOON-151_1,smt-644,check,0,true
SPOON-151_1,smt-992,check,11,false
GUAVA-71_1,smt-164,solve,21,UNSAT
GUAVA-71_1,smt-164,update,0,
GUAVA-71_1,smt-151,check,0,false
GUAVA-174_1,smt-194,solve,37,UNSAT
GUAVA-174_1,smt-194,update,0,
GUAVA-174_1,smt-72,check,0,false
GUAVA-71_1,smt-151,solve,8,SAT
GUAVA-71_1,smt-80,check,0,true
GUAVA-71_1,smt-115,check,0,false
GUAVA-174_1,smt-72,solve,6,SAT
GUAVA-174_1,smt-136,check,2,false
GUAVA-71_1,smt-115,solve,7,SAT
GUAVA-71_1,smt-197,check,0,true
GUAVA-71_1,smt-161,check,0,false
GUAVA-71_1,smt-161,solve,7,SAT
GUAVA-71_1,smt-33,check,0,false
GUAVA-71_1,smt-33,solve,2,UNSAT
GUAVA-71_1,smt-33,update,0,
GUAVA-71_1,smt-73,check,0,false
GUAVA-174_1,smt-136,solve,28,UNSAT
GUAVA-174_1,smt-136,update,0,
GUAVA-71_1,smt-73,solve,3,UNSAT
GUAVA-71_1,smt-73,update,0,
GUAVA-71_1,smt-105,check,0,false
GUAVA-174_1,smt-166,check,3,false
SPOON-151_1,smt-992,solve,146,UNSAT
SPOON-151_1,smt-992,update,0,
GUAVA-71_1,smt-105,solve,4,SAT
GUAVA-71_1,smt-117,check,0,false
SPOON-151_1,smt-251,check,1,true
SPOON-151_1,smt-164,check,0,true
SPOON-151_1,smt-151,check,0,true
GUAVA-174_1,smt-166,solve,15,UNSAT
GUAVA-174_1,smt-166,update,0,
SPOON-151_1,smt-80,check,1,true
GUAVA-174_1,smt-140,check,2,false
GUAVA-71_1,smt-117,solve,22,UNSAT
GUAVA-71_1,smt-117,update,0,
SPOON-151_1,smt-1003,check,1,true
GUAVA-71_1,smt-152,check,0,false
SPOON-151_1,smt-307,check,5,false
GUAVA-174_1,smt-140,solve,10,UNSAT
GUAVA-174_1,smt-140,update,0,
GUAVA-71_1,smt-152,solve,11,SAT
GUAVA-174_1,smt-157,check,0,false
GUAVA-71_1,smt-188,check,0,true
GUAVA-71_1,smt-172,check,0,false
GUAVA-71_1,smt-172,solve,11,SAT
GUAVA-71_1,smt-107,check,1,false
GUAVA-174_1,smt-157,solve,113,SAT
GUAVA-174_1,smt-112,check,0,false
GUAVA-174_1,smt-112,solve,11,UNSAT
GUAVA-174_1,smt-112,update,0,
GUAVA-174_1,smt-6,check,0,false
GUAVA-174_1,smt-6,solve,3,SAT
GUAVA-174_1,smt-103,check,0,false
GUAVA-174_1,smt-103,solve,6,UNSAT
GUAVA-174_1,smt-103,update,0,
GUAVA-174_1,smt-126,check,2,false
GUAVA-71_1,smt-107,solve,178,SAT
FASTJSON-50_1,smt-202,solve,5002,UNKNOWN
GUAVA-71_1,smt-155,check,0,true
GUAVA-71_1,smt-93,check,0,false
GUAVA-174_1,smt-126,solve,28,UNSAT
GUAVA-174_1,smt-126,update,0,
GUAVA-174_1,smt-29,check,0,false
GUAVA-174_1,smt-29,solve,3,SAT
GUAVA-71_1,smt-93,solve,7,SAT
GUAVA-174_1,smt-5,check,0,false
FASTJSON-50_1,smt-27,check,0,false
GUAVA-71_1,smt-70,check,0,true
GUAVA-71_1,smt-96,check,0,false
FASTJSON-50_1,smt-27,solve,2,SAT
GUAVA-174_1,smt-5,solve,3,SAT
FASTJSON-50_1,smt-75,check,0,false
GUAVA-71_1,smt-96,solve,4,SAT
GUAVA-174_1,smt-178,check,2,false
FASTJSON-50_1,smt-75,solve,2,SAT
GUAVA-71_1,smt-91,check,0,false
FASTJSON-50_1,smt-67,check,0,false
SPOON-151_1,smt-307,solve,441,SAT
FASTJSON-50_1,smt-67,solve,4,SAT
FASTJSON-50_1,smt-147,check,0,false
GUAVA-71_1,smt-91,solve,11,SAT
GUAVA-71_1,smt-35,check,0,false
SPOON-151_1,smt-1095,check,94,false
GUAVA-78_1,smt-105,solve,5003,UNKNOWN
GUAVA-174_1,smt-178,solve,21,UNSAT
GUAVA-174_1,smt-178,update,0,
GUAVA-71_1,smt-35,solve,9,SAT
FASTJSON-50_1,smt-147,solve,17,UNSAT
FASTJSON-50_1,smt-147,update,0,
GUAVA-174_1,smt-135,check,0,false
GUAVA-71_1,smt-98,check,0,true
GUAVA-71_1,smt-56,check,0,false
FASTJSON-50_1,smt-88,check,0,false
GUAVA-71_1,smt-56,solve,4,SAT
GUAVA-71_1,smt-28,check,0,true
GUAVA-174_1,smt-135,solve,12,SAT
GUAVA-71_1,smt-129,check,0,true
GUAVA-71_1,smt-180,check,0,false
GUAVA-174_1,smt-143,check,0,false
GUAVA-174_1,smt-143,solve,12,UNSAT
GUAVA-174_1,smt-143,update,0,
GUAVA-174_1,smt-86,check,0,false
GUAVA-71_1,smt-180,solve,21,UNSAT
GUAVA-71_1,smt-180,update,0,
GUAVA-174_1,smt-86,solve,12,SAT
GUAVA-71_1,smt-34,check,0,false
GUAVA-71_1,smt-34,solve,4,SAT
GUAVA-174_1,smt-245,check,39,false
GUAVA-78_1,smt-117,check,0,false
SPOON-151_1,smt-1095,solve,448,SAT
SPOON-151_1,smt-1178,check,2,false
FASTJSON-26_1,smt-138,solve,5002,UNKNOWN
FASTJSON-26_1,smt-168,check,2,false
FASTJSON-26_1,smt-168,solve,40,UNSAT
FASTJSON-26_1,smt-168,update,0,
FASTJSON-26_1,smt-215,check,2,true
FASTJSON-26_1,smt-40,check,4,false
SPOON-151_1,smt-1178,solve,456,SAT
GUAVA-71_1,smt-208,check,247,false
SPOON-151_1,smt-662,check,1,true
FASTJSON-26_1,smt-40,solve,94,UNSAT
FASTJSON-26_1,smt-40,update,0,
SPOON-151_1,smt-115,check,0,true
SPOON-151_1,smt-746,check,1,true
SPOON-151_1,smt-300,check,0,true
SPOON-151_1,smt-1068,check,4,false
FASTJSON-26_1,smt-111,check,7,false
GUAVA-174_1,smt-245,solve,414,UNSAT
GUAVA-174_1,smt-245,update,0,
FASTJSON-26_1,smt-111,solve,191,UNSAT
FASTJSON-26_1,smt-111,update,0,
SPOON-151_1,smt-1068,solve,440,SAT
FASTJSON-26_1,smt-20,check,1,false
GUAVA-174_1,smt-185,check,0,false
SPOON-151_1,smt-197,check,0,true
GUAVA-174_1,smt-185,solve,3,SAT
SPOON-151_1,smt-242,check,0,true
GUAVA-174_1,smt-106,check,0,false
SPOON-151_1,smt-291,check,0,true
GUAVA-174_1,smt-106,solve,3,SAT
SPOON-151_1,smt-232,check,2,false
GUAVA-174_1,smt-15,check,0,false
GUAVA-174_1,smt-15,solve,6,UNSAT
GUAVA-174_1,smt-15,update,0,
GUAVA-174_1,smt-189,check,0,false
FASTJSON-26_1,smt-20,solve,41,UNSAT
FASTJSON-26_1,smt-20,update,0,
FASTJSON-26_1,smt-248,check,7,false
GUAVA-174_1,smt-189,solve,94,SAT
GUAVA-174_1,smt-195,check,2,false
GUAVA-174_1,smt-195,solve,42,UNSAT
GUAVA-174_1,smt-195,update,0,
GUAVA-78_1,smt-117,solve,1831,SAT
GUAVA-174_1,smt-210,check,7,false
GUAVA-78_1,smt-152,check,0,false
FASTJSON-26_1,smt-248,solve,186,UNSAT
FASTJSON-26_1,smt-248,update,0,
FASTJSON-26_1,smt-190,check,7,false
GUAVA-174_1,smt-210,solve,155,UNSAT
GUAVA-174_1,smt-210,update,0,
GUAVA-78_1,smt-152,solve,282,SAT
GUAVA-78_1,smt-107,check,0,false
FASTJSON-26_1,smt-190,solve,116,UNSAT
FASTJSON-26_1,smt-190,update,0,
FASTJSON-26_1,smt-74,check,0,false
GUAVA-174_1,smt-243,check,135,false
FASTJSON-26_1,smt-74,solve,57,SAT
FASTJSON-26_1,smt-69,check,0,false
FASTJSON-26_1,smt-69,solve,76,SAT
FASTJSON-26_1,smt-3,check,0,false
FASTJSON-26_1,smt-3,solve,3,UNSAT
FASTJSON-26_1,smt-3,update,0,
FASTJSON-26_1,smt-284,check,4,false
GUAVA-197_1,smt-59,solve,2165,UNSAT
GUAVA-197_1,smt-59,update,0,
GUAVA-197_1,smt-42,check,4,false
SPOON-107_1,smt-90,solve,5003,UNKNOWN
FASTJSON-26_1,smt-284,solve,1223,SAT
FASTJSON-26_1,smt-81,check,4,false
SPOON-107_1,smt-37,check,0,false
FASTJSON-50_1,smt-88,solve,5002,UNKNOWN
FASTJSON-50_1,smt-167,check,0,false
FASTJSON-50_1,smt-167,solve,12,SAT
FASTJSON-50_1,smt-150,check,0,false
SPOON-107_1,smt-37,solve,452,SAT
FASTJSON-50_1,smt-150,solve,28,SAT
FASTJSON-50_1,smt-250,check,0,false
SPOON-107_1,smt-1,check,0,false
FASTJSON-50_1,smt-250,solve,5,SAT
FASTJSON-50_1,smt-48,check,0,false
FASTJSON-50_1,smt-48,solve,9,SAT
FASTJSON-50_1,smt-18,check,0,false
SPOON-107_1,smt-1,solve,42,SAT
SPOON-107_1,smt-87,check,0,false
SPOON-151_1,smt-232,solve,5002,UNKNOWN
SPOON-151_1,smt-445,check,1,true
SPOON-151_1,smt-686,check,0,true
SPOON-151_1,smt-385,check,0,true
SPOON-151_1,smt-504,check,0,true
SPOON-151_1,smt-881,check,3,false
SPOON-151_1,smt-881,solve,57,UNSAT
SPOON-151_1,smt-881,update,0,
SPOON-151_1,smt-634,check,1,true
SPOON-151_1,smt-792,check,2,true
FASTJSON-50_1,smt-18,solve,1697,SAT
SPOON-151_1,smt-598,check,1,true
SPOON-151_1,smt-314,check,0,true
SPOON-151_1,smt-449,check,3,true
SPOON-151_1,smt-807,check,5,false
FASTJSON-50_1,smt-92,check,0,false
FASTJSON-50_1,smt-92,solve,4,SAT
FASTJSON-50_1,smt-100,check,0,false
FASTJSON-50_1,smt-100,solve,5,SAT
FASTJSON-50_1,smt-230,check,0,false
FASTJSON-50_1,smt-230,solve,36,UNSAT
FASTJSON-50_1,smt-230,update,0,
FASTJSON-50_1,smt-174,check,0,true
FASTJSON-50_1,smt-59,check,0,false
GUAVA-78_1,smt-107,solve,5002,UNKNOWN
FASTJSON-50_1,smt-59,solve,178,UNSAT
FASTJSON-50_1,smt-59,update,0,
FASTJSON-50_1,smt-141,check,0,false
FASTJSON-50_1,smt-141,solve,3,SAT
FASTJSON-50_1,smt-42,check,0,false
FASTJSON-50_1,smt-42,solve,3,SAT
FASTJSON-50_1,smt-82,check,0,false
FASTJSON-50_1,smt-82,solve,3,SAT
FASTJSON-50_1,smt-4,check,0,false
GUAVA-78_1,smt-155,check,0,true
SPOON-151_1,smt-807,solve,1127,SAT
GUAVA-78_1,smt-93,check,0,false
SPOON-151_1,smt-316,check,2,true
SPOON-151_1,smt-161,check,0,true
SPOON-151_1,smt-479,check,1,true
SPOON-151_1,smt-780,check,1,true
SPOON-151_1,smt-1052,check,0,true
SPOON-151_1,smt-958,check,0,true
SPOON-151_1,smt-1098,check,1,true
SPOON-151_1,smt-542,check,0,true
SPOON-151_1,smt-249,check,0,true
SPOON-151_1,smt-387,check,1,true
SPOON-151_1,smt-1075,check,3,false
GUAVA-197_1,smt-42,solve,3183,SAT
SPOON-151_1,smt-1075,solve,829,SAT
SPOON-151_1,smt-962,check,2,false
FASTJSON-26_1,smt-81,solve,5002,UNKNOWN
FASTJSON-26_1,smt-179,check,3,true
FASTJSON-26_1,smt-114,check,5,false
GUAVA-174_1,smt-243,solve,5002,UNKNOWN
GUAVA-197_1,smt-4,check,0,false
GUAVA-197_1,smt-4,solve,3,SAT
GUAVA-197_1,smt-24,check,0,false
GUAVA-197_1,smt-24,solve,2,SAT
FASTJSON-26_1,smt-114,solve,130,UNSAT
GUAVA-197_1,smt-36,check,2,false
FASTJSON-26_1,smt-114,update,0,
FASTJSON-26_1,smt-139,check,4,false
SPOON-151_1,smt-962,solve,486,SAT
SPOON-151_1,smt-267,check,0,true
SPOON-151_1,smt-1188,check,0,true
SPOON-151_1,smt-471,check,3,true
SPOON-107_1,smt-87,solve,5002,UNKNOWN
SPOON-151_1,smt-33,check,0,true
SPOON-151_1,smt-1090,check,3,false
SPOON-107_1,smt-31,check,0,false
FASTJSON-26_1,smt-139,solve,139,UNSAT
FASTJSON-26_1,smt-139,update,0,
SPOON-151_1,smt-1090,solve,161,UNSAT
SPOON-151_1,smt-1090,update,0,
FASTJSON-26_1,smt-10,check,0,false
SPOON-151_1,smt-843,check,1,true
SPOON-151_1,smt-712,check,0,true
SPOON-151_1,smt-73,check,0,true
FASTJSON-26_1,smt-10,solve,25,UNSAT
FASTJSON-26_1,smt-10,update,0,
SPOON-151_1,smt-876,check,4,false
FASTJSON-26_1,smt-211,check,0,false
FASTJSON-26_1,smt-211,solve,80,SAT
SPOON-151_1,smt-876,solve,45,UNSAT
SPOON-151_1,smt-876,update,0,
SPOON-107_1,smt-31,solve,414,SAT
GUAVA-78_1,smt-93,solve,2368,UNSAT
GUAVA-78_1,smt-93,update,0,
SPOON-107_1,smt-89,check,0,false
SPOON-151_1,smt-1183,check,1,true
FASTJSON-26_1,smt-49,check,10,false
SPOON-151_1,smt-744,check,0,true
SPOON-151_1,smt-861,check,0,true
SPOON-151_1,smt-105,check,0,true
SPOON-151_1,smt-117,check,0,true
SPOON-151_1,smt-867,check,6,false
SPOON-151_1,smt-867,solve,75,UNSAT
SPOON-151_1,smt-867,update,0,
GUAVA-78_1,smt-70,check,0,false
SPOON-151_1,smt-152,check,0,true
SPOON-151_1,smt-806,check,7,false
GUAVA-78_1,smt-70,solve,23,SAT
GUAVA-78_1,smt-96,check,0,false
FASTJSON-26_1,smt-49,solve,184,UNSAT
FASTJSON-26_1,smt-49,update,0,
SPOON-151_1,smt-806,solve,66,UNSAT
SPOON-151_1,smt-806,update,0,
GUAVA-174_1,smt-14,check,0,false
SPOON-151_1,smt-495,check,1,true
GUAVA-174_1,smt-14,solve,2,SAT
FASTJSON-26_1,smt-83,check,1,false
SPOON-151_1,smt-870,check,0,true
GUAVA-174_1,smt-200,check,8,false
SPOON-151_1,smt-236,check,2,false
FASTJSON-26_1,smt-83,solve,61,SAT
FASTJSON-26_1,smt-13,check,0,false
FASTJSON-26_1,smt-13,solve,28,UNSAT
FASTJSON-26_1,smt-13,update,0,
FASTJSON-26_1,smt-102,check,1,false
GUAVA-174_1,smt-200,solve,192,UNSAT
GUAVA-174_1,smt-200,update,0,
GUAVA-174_1,smt-204,check,2,false
GUAVA-174_1,smt-204,solve,39,UNSAT
GUAVA-174_1,smt-204,update,0,
GUAVA-174_1,smt-235,check,9,false
SPOON-151_1,smt-236,solve,681,SAT
GUAVA-78_1,smt-96,solve,936,SAT
SPOON-151_1,smt-188,check,4,false
FASTJSON-26_1,smt-102,solve,686,SAT
GUAVA-78_1,smt-91,check,0,false
GUAVA-174_1,smt-235,solve,115,UNSAT
GUAVA-174_1,smt-235,update,0,
FASTJSON-26_1,smt-17,check,2,false
GUAVA-71_1,smt-208,solve,5044,UNKNOWN
FASTJSON-26_1,smt-17,solve,66,UNSAT
FASTJSON-26_1,smt-17,update,0,
FASTJSON-26_1,smt-21,check,1,false
SPOON-151_1,smt-188,solve,363,SAT
GUAVA-174_1,smt-233,check,132,false
SPOON-151_1,smt-700,check,1,true
SPOON-151_1,smt-688,check,0,true
SPOON-151_1,smt-1189,check,0,true
SPOON-151_1,smt-492,check,0,true
FASTJSON-26_1,smt-21,solve,56,UNSAT
FASTJSON-26_1,smt-21,update,0,
SPOON-151_1,smt-172,check,0,true
SPOON-151_1,smt-587,check,0,true
SPOON-151_1,smt-1047,check,4,false
FASTJSON-26_1,smt-153,check,7,false
GUAVA-197_1,smt-36,solve,1444,SAT
SPOON-151_1,smt-1047,solve,178,UNSAT
SPOON-151_1,smt-1047,update,0,
SPOON-151_1,smt-576,check,4,false
FASTJSON-50_1,smt-4,solve,5005,UNKNOWN
FASTJSON-50_1,smt-171,check,0,false
FASTJSON-26_1,smt-153,solve,191,UNSAT
FASTJSON-26_1,smt-153,update,0,
FASTJSON-26_1,smt-58,check,0,true
GUAVA-71_1,smt-201,check,0,false
GUAVA-197_1,smt-60,check,0,false
GUAVA-71_1,smt-201,solve,2,UNSAT
GUAVA-71_1,smt-201,update,0,
FASTJSON-26_1,smt-51,check,5,false
GUAVA-71_1,smt-169,check,1,false
GUAVA-71_1,smt-169,solve,89,SAT
GUAVA-71_1,smt-68,check,0,false
FASTJSON-26_1,smt-51,solve,80,UNSAT
FASTJSON-26_1,smt-51,update,0,
GUAVA-197_1,smt-60,solve,119,SAT
GUAVA-71_1,smt-68,solve,19,SAT
FASTJSON-26_1,smt-176,check,0,false
GUAVA-71_1,smt-160,check,0,false
FASTJSON-26_1,smt-176,solve,3,SAT
FASTJSON-50_1,smt-171,solve,224,UNSAT
FASTJSON-50_1,smt-171,update,0,
FASTJSON-26_1,smt-186,check,11,false
GUAVA-197_1,smt-38,check,3,false
FASTJSON-50_1,smt-234,check,1,false
GUAVA-71_1,smt-160,solve,129,SAT
GUAVA-71_1,smt-11,check,0,false
GUAVA-71_1,smt-11,solve,3,SAT
GUAVA-71_1,smt-50,check,0,false
GUAVA-71_1,smt-50,solve,9,SAT
GUAVA-71_1,smt-44,check,0,true
GUAVA-71_1,smt-16,check,0,false
GUAVA-71_1,smt-16,solve,3,SAT
GUAVA-71_1,smt-146,check,1,false
GUAVA-71_1,smt-146,solve,42,UNSAT
GUAVA-71_1,smt-146,update,0,
GUAVA-71_1,smt-125,check,0,true
GUAVA-71_1,smt-94,check,0,false
FASTJSON-50_1,smt-234,solve,154,UNSAT
FASTJSON-50_1,smt-234,update,0,
GUAVA-71_1,smt-94,solve,11,SAT
GUAVA-71_1,smt-192,check,0,false
FASTJSON-50_1,smt-66,check,0,false
FASTJSON-50_1,smt-66,solve,13,SAT
GUAVA-71_1,smt-192,solve,10,SAT
FASTJSON-50_1,smt-120,check,0,false
FASTJSON-50_1,smt-120,solve,3,SAT
FASTJSON-26_1,smt-186,solve,227,UNSAT
FASTJSON-26_1,smt-186,update,0,
GUAVA-71_1,smt-177,check,2,false
FASTJSON-50_1,smt-121,check,0,false
FASTJSON-50_1,smt-121,solve,4,SAT
FASTJSON-50_1,smt-256,check,0,false
FASTJSON-26_1,smt-133,check,7,false
GUAVA-71_1,smt-177,solve,206,SAT
GUAVA-71_1,smt-9,check,0,false
GUAVA-71_1,smt-9,solve,2,SAT
GUAVA-71_1,smt-12,check,0,false
GUAVA-71_1,smt-12,solve,3,UNSAT
GUAVA-71_1,smt-12,update,0,
GUAVA-71_1,smt-61,check,0,false
GUAVA-71_1,smt-61,solve,8,SAT
GUAVA-71_1,smt-170,check,0,true
GUAVA-71_1,smt-198,check,1,false
GUAVA-71_1,smt-198,solve,64,UNSAT
GUAVA-71_1,smt-198,update,0,
GUAVA-71_1,smt-132,check,0,true
GUAVA-71_1,smt-108,check,0,false
GUAVA-71_1,smt-108,solve,6,SAT
GUAVA-71_1,smt-196,check,0,false
GUAVA-71_1,smt-196,solve,163,SAT
GUAVA-71_1,smt-205,check,0,false
GUAVA-71_1,smt-205,solve,35,UNSAT
GUAVA-71_1,smt-205,update,0,
GUAVA-71_1,smt-163,check,1,false
SPOON-107_1,smt-89,solve,5003,UNKNOWN
SPOON-151_1,smt-576,solve,2544,UNSAT
SPOON-151_1,smt-576,update,0,
SPOON-151_1,smt-107,check,0,true
GUAVA-71_1,smt-163,solve,182,SAT
SPOON-151_1,smt-859,check,0,true
SPOON-107_1,smt-53,check,0,false
SPOON-151_1,smt-871,check,0,true
SPOON-151_1,smt-155,check,0,true
GUAVA-71_1,smt-22,check,0,false
SPOON-151_1,smt-640,check,0,true
GUAVA-71_1,smt-22,solve,5,SAT
GUAVA-71_1,smt-62,check,0,false
SPOON-151_1,smt-430,check,1,true
SPOON-151_1,smt-578,check,0,true
SPOON-151_1,smt-555,check,1,true
SPOON-151_1,smt-241,check,0,true
SPOON-151_1,smt-93,check,0,true
GUAVA-71_1,smt-62,solve,30,SAT
SPOON-151_1,smt-710,check,0,true
GUAVA-71_1,smt-63,check,0,true
GUAVA-71_1,smt-119,check,0,false
SPOON-151_1,smt-723,check,0,true
SPOON-151_1,smt-616,check,1,true
SPOON-151_1,smt-437,check,2,true
SPOON-151_1,smt-70,check,0,true
GUAVA-71_1,smt-119,solve,24,SAT
SPOON-151_1,smt-265,check,0,true
SPOON-151_1,smt-1172,check,0,true
GUAVA-71_1,smt-41,check,1,false
SPOON-151_1,smt-898,check,0,true
SPOON-151_1,smt-980,check,0,true
SPOON-151_1,smt-532,check,3,false
GUAVA-71_1,smt-41,solve,40,UNSAT
GUAVA-71_1,smt-41,update,0,
GUAVA-71_1,smt-194,check,1,false
GUAVA-197_1,smt-38,solve,1495,SAT
GUAVA-71_1,smt-194,solve,161,SAT
GUAVA-71_1,smt-72,check,0,true
GUAVA-71_1,smt-136,check,0,false
GUAVA-71_1,smt-136,solve,6,SAT
GUAVA-71_1,smt-166,check,0,false
SPOON-151_1,smt-532,solve,430,SAT
SPOON-151_1,smt-295,check,0,true
SPOON-151_1,smt-1091,check,1,true
GUAVA-71_1,smt-166,solve,45,UNSAT
GUAVA-71_1,smt-166,update,0,
SPOON-151_1,smt-1076,check,2,true
GUAVA-71_1,smt-140,check,0,false
SPOON-151_1,smt-480,check,1,true
GUAVA-197_1,smt-45,check,5,false
SPOON-151_1,smt-513,check,0,true
SPOON-151_1,smt-704,check,1,true
SPOON-151_1,smt-1103,check,7,false
GUAVA-71_1,smt-140,solve,133,SAT
GUAVA-71_1,smt-157,check,0,false
GUAVA-71_1,smt-157,solve,55,SAT
GUAVA-71_1,smt-112,check,0,true
GUAVA-71_1,smt-6,check,0,false
GUAVA-71_1,smt-6,solve,3,UNSAT
GUAVA-71_1,smt-6,update,0,
GUAVA-71_1,smt-103,check,0,false
GUAVA-71_1,smt-103,solve,27,SAT
GUAVA-71_1,smt-126,check,0,false
GUAVA-71_1,smt-126,solve,7,SAT
GUAVA-78_1,smt-91,solve,5002,UNKNOWN
GUAVA-71_1,smt-29,check,0,false
GUAVA-71_1,smt-29,solve,9,SAT
GUAVA-71_1,smt-5,check,0,true
GUAVA-71_1,smt-178,check,2,false
SPOON-107_1,smt-53,solve,1680,SAT
SPOON-151_1,smt-1103,solve,607,SAT
SPOON-151_1,smt-773,check,1,true
SPOON-151_1,smt-994,check,0,true
SPOON-151_1,smt-1031,check,3,false
SPOON-107_1,smt-7,check,0,false
GUAVA-78_1,smt-35,check,0,false
GUAVA-78_1,smt-35,solve,3,SAT
GUAVA-78_1,smt-98,check,0,false
GUAVA-71_1,smt-178,solve,238,SAT
GUAVA-71_1,smt-135,check,0,true
GUAVA-71_1,smt-143,check,0,false
GUAVA-71_1,smt-143,solve,13,SAT
GUAVA-71_1,smt-86,check,0,false
GUAVA-71_1,smt-86,solve,23,SAT
GUAVA-71_1,smt-185,check,1,false
GUAVA-78_1,smt-98,solve,180,UNSAT
GUAVA-78_1,smt-98,update,0,
GUAVA-78_1,smt-56,check,0,false
SPOON-107_1,smt-7,solve,287,SAT
SPOON-107_1,smt-27,check,0,false
GUAVA-71_1,smt-185,solve,77,SAT
GUAVA-71_1,smt-106,check,0,false
GUAVA-71_1,smt-106,solve,20,SAT
GUAVA-71_1,smt-15,check,0,false
GUAVA-78_1,smt-56,solve,187,SAT
GUAVA-71_1,smt-15,solve,4,SAT
GUAVA-71_1,smt-189,check,0,false
GUAVA-78_1,smt-28,check,0,false
SPOON-107_1,smt-27,solve,215,SAT
SPOON-107_1,smt-75,check,0,false
GUAVA-71_1,smt-189,solve,56,SAT
GUAVA-71_1,smt-195,check,1,false
GUAVA-78_1,smt-28,solve,132,UNSAT
GUAVA-78_1,smt-28,update,0,
GUAVA-78_1,smt-129,check,0,false
GUAVA-78_1,smt-129,solve,162,UNSAT
GUAVA-78_1,smt-129,update,0,
GUAVA-78_1,smt-34,check,0,true
GUAVA-71_1,smt-195,solve,297,SAT
GUAVA-71_1,smt-14,check,0,false
GUAVA-78_1,smt-169,check,5,false
GUAVA-71_1,smt-14,solve,4,SAT
GUAVA-71_1,smt-200,check,0,true
GUAVA-71_1,smt-204,check,0,false
GUAVA-71_1,smt-204,solve,5,SAT
GUAVA-71_1,smt-145,check,0,false
GUAVA-71_1,smt-145,solve,24,UNSAT
GUAVA-71_1,smt-145,update,0,
GUAVA-71_1,smt-131,check,0,false
GUAVA-71_1,smt-131,solve,18,SAT
GUAVA-71_1,smt-65,check,0,false
GUAVA-71_1,smt-65,solve,7,SAT
GUAVA-71_1,smt-113,check,0,true
GUAVA-71_1,smt-54,check,0,true
GUAVA-71_1,smt-55,check,0,true
GUAVA-71_1,smt-184,check,0,false
GUAVA-71_1,smt-184,solve,10,SAT
GUAVA-71_1,smt-181,check,1,false
SPOON-107_1,smt-75,solve,832,SAT
SPOON-107_1,smt-67,check,0,false
GUAVA-174_1,smt-233,solve,5004,UNKNOWN
GUAVA-71_1,smt-181,solve,138,SAT
GUAVA-71_1,smt-109,check,0,false
GUAVA-71_1,smt-109,solve,7,SAT
FASTJSON-50_1,smt-256,solve,5003,UNKNOWN
GUAVA-71_1,smt-165,check,3,false
FASTJSON-26_1,smt-133,solve,5003,UNKNOWN
FASTJSON-26_1,smt-206,check,2,false
SPOON-107_1,smt-67,solve,338,SAT
FASTJSON-50_1,smt-268,check,3,false
SPOON-107_1,smt-88,check,0,false
FASTJSON-26_1,smt-206,solve,57,SAT
FASTJSON-26_1,smt-71,check,13,false
GUAVA-71_1,smt-165,solve,205,UNSAT
GUAVA-71_1,smt-165,update,0,
GUAVA-71_1,smt-193,check,5,true
GUAVA-71_1,smt-23,check,0,false
GUAVA-71_1,smt-23,solve,5,SAT
GUAVA-71_1,smt-77,check,1,false
FASTJSON-26_1,smt-71,solve,101,UNSAT
FASTJSON-26_1,smt-71,update,0,
FASTJSON-26_1,smt-26,check,3,false
GUAVA-71_1,smt-77,solve,30,SAT
FASTJSON-72_1,smt-57,check,0,false
FASTJSON-26_1,smt-26,solve,46,UNSAT
FASTJSON-26_1,smt-26,update,0,
GUAVA-197_1,smt-45,solve,1570,UNSAT
GUAVA-197_1,smt-45,update,0,
FASTJSON-72_1,smt-57,solve,37,UNSAT
FASTJSON-72_1,smt-57,update,0,
FASTJSON-72_1,smt-90,check,0,false
FASTJSON-72_1,smt-90,solve,4,UNSAT
FASTJSON-72_1,smt-90,update,0,
FASTJSON-26_1,smt-118,check,25,false
FASTJSON-72_1,smt-37,check,0,false
FASTJSON-72_1,smt-37,solve,6,SAT
FASTJSON-72_1,smt-1,check,0,false
FASTJSON-72_1,smt-1,solve,15,UNSAT
FASTJSON-72_1,smt-1,update,0,
FASTJSON-72_1,smt-87,check,0,false
FASTJSON-72_1,smt-87,solve,4,UNSAT
FASTJSON-72_1,smt-87,update,0,
FASTJSON-72_1,smt-31,check,0,true
FASTJSON-72_1,smt-89,check,0,false
FASTJSON-72_1,smt-89,solve,3,UNSAT
FASTJSON-72_1,smt-89,update,0,
FASTJSON-72_1,smt-53,check,0,false
FASTJSON-72_1,smt-53,solve,41,UNSAT
FASTJSON-72_1,smt-53,update,0,
FASTJSON-72_1,smt-7,check,0,false
FASTJSON-72_1,smt-7,solve,3,UNSAT
FASTJSON-72_1,smt-7,update,0,
GUAVA-197_1,smt-25,check,0,false
FASTJSON-72_1,smt-27,check,0,false
FASTJSON-72_1,smt-27,solve,2,SAT
GUAVA-197_1,smt-25,solve,3,SAT
FASTJSON-72_1,smt-75,check,0,false
FASTJSON-26_1,smt-118,solve,145,UNSAT
FASTJSON-26_1,smt-118,update,0,
FASTJSON-72_1,smt-75,solve,5,UNSAT
FASTJSON-72_1,smt-75,update,0,
FASTJSON-72_1,smt-67,check,0,false
FASTJSON-26_1,smt-212,check,5,false
GUAVA-197_1,smt-32,check,6,false
FASTJSON-72_1,smt-67,solve,7,UNSAT
FASTJSON-72_1,smt-67,update,0,
FASTJSON-72_1,smt-88,check,0,false
FASTJSON-72_1,smt-88,solve,4,SAT
FASTJSON-72_1,smt-48,check,0,false
FASTJSON-72_1,smt-48,solve,7,SAT
FASTJSON-72_1,smt-18,check,0,false
FASTJSON-72_1,smt-18,solve,3,SAT
FASTJSON-72_1,smt-92,check,0,false
FASTJSON-72_1,smt-92,solve,6,SAT
FASTJSON-72_1,smt-59,check,0,false
FASTJSON-72_1,smt-59,solve,5,UNSAT
FASTJSON-72_1,smt-59,update,0,
FASTJSON-72_1,smt-42,check,0,false
FASTJSON-72_1,smt-42,solve,3,SAT
FASTJSON-72_1,smt-82,check,0,false
FASTJSON-72_1,smt-82,solve,5,UNSAT
FASTJSON-72_1,smt-82,update,0,
FASTJSON-72_1,smt-4,check,0,false
FASTJSON-26_1,smt-212,solve,304,SAT
GUAVA-174_1,smt-145,check,3,false
FASTJSON-72_1,smt-4,solve,25,UNSAT
FASTJSON-72_1,smt-4,update,0,
FASTJSON-72_1,smt-66,check,0,false
FASTJSON-26_1,smt-137,check,20,false
FASTJSON-72_1,smt-66,solve,4,UNSAT
FASTJSON-72_1,smt-66,update,0,
FASTJSON-72_1,smt-85,check,0,false
FASTJSON-72_1,smt-85,solve,4,SAT
FASTJSON-72_1,smt-24,check,0,false
FASTJSON-72_1,smt-24,solve,4,SAT
FASTJSON-72_1,smt-36,check,0,false
FASTJSON-72_1,smt-36,solve,4,SAT
FASTJSON-72_1,smt-76,check,0,false
FASTJSON-72_1,smt-76,solve,4,UNSAT
FASTJSON-72_1,smt-76,update,0,
FASTJSON-72_1,smt-60,check,0,false
FASTJSON-72_1,smt-60,solve,11,SAT
FASTJSON-72_1,smt-38,check,0,false
FASTJSON-72_1,smt-38,solve,4,UNSAT
FASTJSON-72_1,smt-38,update,0,
FASTJSON-72_1,smt-45,check,0,false
FASTJSON-72_1,smt-45,solve,4,SAT
FASTJSON-72_1,smt-64,check,0,false
FASTJSON-72_1,smt-64,solve,5,SAT
FASTJSON-72_1,smt-25,check,0,true
FASTJSON-72_1,smt-32,check,0,false
FASTJSON-72_1,smt-32,solve,4,SAT
FASTJSON-72_1,smt-43,check,0,false
FASTJSON-72_1,smt-43,solve,5,UNSAT
FASTJSON-72_1,smt-43,update,0,
FASTJSON-72_1,smt-47,check,0,false
FASTJSON-26_1,smt-137,solve,210,UNSAT
FASTJSON-26_1,smt-137,update,0,
FASTJSON-72_1,smt-47,solve,6,UNSAT
FASTJSON-72_1,smt-47,update,0,
FASTJSON-72_1,smt-30,check,0,false
FASTJSON-72_1,smt-30,solve,4,SAT
FASTJSON-72_1,smt-40,check,0,false
FASTJSON-26_1,smt-255,check,6,false
FASTJSON-72_1,smt-40,solve,5,UNSAT
FASTJSON-72_1,smt-40,update,0,
FASTJSON-72_1,smt-20,check,0,false
FASTJSON-72_1,smt-20,solve,5,SAT
FASTJSON-72_1,smt-74,check,0,false
FASTJSON-72_1,smt-74,solve,4,SAT
FASTJSON-72_1,smt-69,check,0,false
FASTJSON-72_1,smt-69,solve,4,UNSAT
FASTJSON-72_1,smt-69,update,0,
FASTJSON-72_1,smt-3,check,0,false
FASTJSON-72_1,smt-3,solve,18,UNSAT
FASTJSON-72_1,smt-3,update,0,
FASTJSON-72_1,smt-81,check,0,false
FASTJSON-72_1,smt-81,solve,6,UNSAT
FASTJSON-72_1,smt-81,update,0,
FASTJSON-72_1,smt-10,check,0,true
FASTJSON-72_1,smt-49,check,0,false
FASTJSON-72_1,smt-49,solve,5,UNSAT
FASTJSON-72_1,smt-49,update,0,
FASTJSON-72_1,smt-83,check,0,false
FASTJSON-72_1,smt-83,solve,5,UNSAT
FASTJSON-72_1,smt-83,update,0,
FASTJSON-72_1,smt-13,check,0,false
FASTJSON-72_1,smt-13,solve,4,SAT
FASTJSON-72_1,smt-17,check,0,false
FASTJSON-72_1,smt-17,solve,4,SAT
FASTJSON-72_1,smt-21,check,0,false
FASTJSON-72_1,smt-21,solve,3,SAT
FASTJSON-72_1,smt-58,check,0,false
FASTJSON-72_1,smt-58,solve,45,UNSAT
FASTJSON-72_1,smt-58,update,0,
FASTJSON-72_1,smt-51,check,0,true
FASTJSON-72_1,smt-71,check,0,false
SPOON-151_1,smt-1031,solve,5002,UNKNOWN
FASTJSON-72_1,smt-71,solve,4,SAT
FASTJSON-72_1,smt-26,check,0,false
SPOON-151_1,smt-748,check,0,true
SPOON-151_1,smt-261,check,0,true
SPOON-151_1,smt-987,check,0,true
SPOON-151_1,smt-96,check,0,true
SPOON-151_1,smt-637,check,3,false
FASTJSON-72_1,smt-26,solve,44,UNSAT
FASTJSON-72_1,smt-26,update,0,
FASTJSON-72_1,smt-52,check,0,false
FASTJSON-72_1,smt-52,solve,6,UNSAT
FASTJSON-72_1,smt-52,update,0,
FASTJSON-72_1,smt-39,check,0,false
FASTJSON-72_1,smt-39,solve,6,SAT
FASTJSON-72_1,smt-46,check,0,false
SPOON-151_1,smt-637,solve,42,UNSAT
SPOON-151_1,smt-637,update,0,
FASTJSON-72_1,smt-46,solve,4,SAT
FASTJSON-72_1,smt-2,check,0,false
SPOON-151_1,smt-1054,check,0,true
FASTJSON-72_1,smt-2,solve,15,UNSAT
SPOON-151_1,smt-1194,check,3,false
FASTJSON-72_1,smt-2,update,0,
FASTJSON-72_1,smt-79,check,0,false
FASTJSON-72_1,smt-79,solve,3,UNSAT
FASTJSON-72_1,smt-79,update,0,
FASTJSON-72_1,smt-8,check,0,false
FASTJSON-72_1,smt-8,solve,3,UNSAT
FASTJSON-72_1,smt-8,update,0,
FASTJSON-72_1,smt-19,check,0,false
FASTJSON-72_1,smt-19,solve,3,SAT
FASTJSON-72_1,smt-84,check,0,false
FASTJSON-72_1,smt-84,solve,5,SAT
FASTJSON-72_1,smt-78,check,0,false
SPOON-151_1,smt-1194,solve,45,UNSAT
SPOON-151_1,smt-1194,update,0,
FASTJSON-72_1,smt-78,solve,5,UNSAT
FASTJSON-72_1,smt-78,update,0,
SPOON-151_1,smt-800,check,4,false
FASTJSON-72_1,smt-80,check,0,false
FASTJSON-72_1,smt-80,solve,6,UNSAT
FASTJSON-72_1,smt-80,update,0,
FASTJSON-72_1,smt-33,check,0,true
FASTJSON-72_1,smt-73,check,0,false
FASTJSON-72_1,smt-73,solve,6,UNSAT
FASTJSON-72_1,smt-73,update,0,
FASTJSON-72_1,smt-93,check,0,false
FASTJSON-72_1,smt-93,solve,6,UNSAT
FASTJSON-72_1,smt-93,update,0,
FASTJSON-72_1,smt-70,check,0,false
FASTJSON-72_1,smt-70,solve,5,UNSAT
FASTJSON-72_1,smt-70,update,0,
FASTJSON-72_1,smt-91,check,0,false
FASTJSON-72_1,smt-91,solve,7,UNSAT
FASTJSON-72_1,smt-91,update,0,
FASTJSON-72_1,smt-35,check,1,true
FASTJSON-72_1,smt-56,check,1,false
FASTJSON-72_1,smt-56,solve,36,UNSAT
FASTJSON-72_1,smt-56,update,0,
FASTJSON-72_1,smt-28,check,0,true
FASTJSON-72_1,smt-34,check,1,true
FASTJSON-72_1,smt-68,check,0,false
FASTJSON-72_1,smt-68,solve,5,UNSAT
FASTJSON-72_1,smt-68,update,0,
FASTJSON-72_1,smt-11,check,0,false
FASTJSON-72_1,smt-11,solve,4,SAT
FASTJSON-72_1,smt-50,check,0,false
FASTJSON-72_1,smt-50,solve,7,UNSAT
FASTJSON-72_1,smt-50,update,0,
FASTJSON-72_1,smt-44,check,0,false
FASTJSON-72_1,smt-44,solve,7,SAT
GUAVA-174_1,smt-145,solve,2551,SAT
FASTJSON-72_1,smt-16,check,0,false
FASTJSON-72_1,smt-16,solve,4,SAT
FASTJSON-72_1,smt-94,check,0,false
GUAVA-174_1,smt-221,check,2,false
SPOON-151_1,smt-800,solve,623,SAT
FASTJSON-72_1,smt-94,solve,7,SAT
FASTJSON-72_1,smt-9,check,0,false
SPOON-151_1,smt-231,check,0,true
FASTJSON-72_1,smt-9,solve,4,SAT
SPOON-151_1,smt-906,check,0,true
FASTJSON-72_1,smt-12,check,0,false
SPOON-151_1,smt-91,check,0,true
FASTJSON-72_1,smt-12,solve,4,SAT
SPOON-151_1,smt-566,check,0,true
FASTJSON-72_1,smt-61,check,0,true
FASTJSON-72_1,smt-22,check,0,false
SPOON-151_1,smt-247,check,2,false
FASTJSON-72_1,smt-22,solve,4,SAT
FASTJSON-72_1,smt-62,check,0,false
FASTJSON-72_1,smt-62,solve,6,SAT
FASTJSON-72_1,smt-63,check,0,true
FASTJSON-72_1,smt-41,check,0,false
FASTJSON-72_1,smt-41,solve,5,SAT
FASTJSON-72_1,smt-72,check,0,false
GUAVA-78_1,smt-169,solve,5005,UNKNOWN
FASTJSON-72_1,smt-72,solve,3,UNSAT
FASTJSON-72_1,smt-72,update,0,
FASTJSON-72_1,smt-6,check,2,false
GUAVA-174_1,smt-221,solve,409,SAT
GUAVA-174_1,smt-131,check,0,false
GUAVA-197_1,smt-32,solve,1928,SAT
GUAVA-174_1,smt-131,solve,31,SAT
GUAVA-174_1,smt-65,check,0,false
GUAVA-174_1,smt-65,solve,4,UNSAT
GUAVA-174_1,smt-65,update,0,
GUAVA-174_1,smt-113,check,0,true
GUAVA-174_1,smt-54,check,0,false
GUAVA-174_1,smt-54,solve,6,SAT
GUAVA-174_1,smt-222,check,1,false
FASTJSON-72_1,smt-6,solve,141,UNSAT
FASTJSON-72_1,smt-6,update,0,
FASTJSON-72_1,smt-29,check,1,true
FASTJSON-72_1,smt-5,check,0,false
FASTJSON-72_1,smt-5,solve,4,SAT
FASTJSON-72_1,smt-86,check,0,false
SPOON-107_1,smt-88,solve,5003,UNKNOWN
GUAVA-174_1,smt-222,solve,37,UNSAT
GUAVA-174_1,smt-222,update,0,
GUAVA-174_1,smt-55,check,0,false
FASTJSON-72_1,smt-86,solve,5,SAT
FASTJSON-72_1,smt-15,check,0,false
GUAVA-78_1,smt-68,check,0,false
GUAVA-174_1,smt-55,solve,5,SAT
SPOON-107_1,smt-48,check,0,false
GUAVA-174_1,smt-184,check,0,false
FASTJSON-72_1,smt-15,solve,4,SAT
FASTJSON-72_1,smt-14,check,0,false
FASTJSON-72_1,smt-14,solve,4,SAT
GUAVA-174_1,smt-184,solve,11,SAT
FASTJSON-72_1,smt-65,check,0,false
FASTJSON-50_1,smt-268,solve,5002,UNKNOWN
GUAVA-174_1,smt-181,check,0,false
SPOON-107_1,smt-48,solve,15,UNSAT
SPOON-107_1,smt-48,update,0,
FASTJSON-72_1,smt-65,solve,6,SAT
SPOON-107_1,smt-18,check,0,false
FASTJSON-72_1,smt-54,check,0,false
FASTJSON-72_1,smt-54,solve,7,SAT
FASTJSON-72_1,smt-55,check,0,false
FASTJSON-50_1,smt-85,check,0,false
GUAVA-174_1,smt-181,solve,40,UNSAT
GUAVA-174_1,smt-181,update,0,
GUAVA-78_1,smt-68,solve,96,SAT
FASTJSON-50_1,smt-85,solve,3,SAT
FASTJSON-50_1,smt-104,check,0,false
FASTJSON-72_1,smt-55,solve,6,UNSAT
FASTJSON-72_1,smt-55,update,0,
GUAVA-174_1,smt-213,check,5,false
FASTJSON-72_1,smt-23,check,0,false
FASTJSON-50_1,smt-104,solve,3,SAT
FASTJSON-72_1,smt-23,solve,4,SAT
FASTJSON-72_1,smt-77,check,0,false
FASTJSON-50_1,smt-218,check,0,false
FASTJSON-72_1,smt-77,solve,4,UNSAT
FASTJSON-72_1,smt-77,update,0,
GUAVA-78_1,smt-160,check,1,false
FASTJSON-19_1,smt-57,check,0,false
GUAVA-197_1,smt-43,check,3,false
SPOON-107_1,smt-18,solve,583,SAT
GUAVA-174_1,smt-213,solve,1083,SAT
SPOON-107_1,smt-92,check,6,false
GUAVA-174_1,smt-109,check,0,false
GUAVA-174_1,smt-109,solve,3,SAT
GUAVA-174_1,smt-165,check,1,false
FASTJSON-19_1,smt-57,solve,1392,SAT
GUAVA-174_1,smt-165,solve,37,UNSAT
GUAVA-174_1,smt-165,update,0,
GUAVA-174_1,smt-193,check,4,false
SPOON-151_1,smt-247,solve,2494,UNSAT
SPOON-151_1,smt-247,update,0,
FASTJSON-19_1,smt-90,check,0,false
SPOON-151_1,smt-953,check,0,true
SPOON-151_1,smt-626,check,0,true
SPOON-151_1,smt-606,check,0,true
SPOON-151_1,smt-258,check,0,true
FASTJSON-19_1,smt-90,solve,16,SAT
SPOON-151_1,smt-724,check,0,true
SPOON-151_1,smt-947,check,0,true
FASTJSON-19_1,smt-37,check,0,false
SPOON-151_1,smt-35,check,1,false
FASTJSON-19_1,smt-37,solve,10,UNSAT
FASTJSON-19_1,smt-37,update,0,
FASTJSON-19_1,smt-1,check,0,false
FASTJSON-19_1,smt-1,solve,8,SAT
FASTJSON-19_1,smt-142,check,0,false
GUAVA-174_1,smt-193,solve,159,UNSAT
GUAVA-174_1,smt-193,update,0,
FASTJSON-19_1,smt-142,solve,11,SAT
FASTJSON-19_1,smt-87,check,0,false
GUAVA-174_1,smt-23,check,0,false
GUAVA-174_1,smt-23,solve,3,UNSAT
GUAVA-174_1,smt-23,update,0,
GUAVA-174_1,smt-77,check,0,false
FASTJSON-19_1,smt-87,solve,19,UNSAT
FASTJSON-19_1,smt-87,update,0,
GUAVA-174_1,smt-77,solve,18,SAT
FASTJSON-19_1,smt-31,check,0,false
GUAVA-115_1,smt-37,check,0,false
FASTJSON-19_1,smt-31,solve,13,SAT
FASTJSON-19_1,smt-89,check,0,false
FASTJSON-26_1,smt-255,solve,5002,UNKNOWN
GUAVA-115_1,smt-37,solve,99,UNSAT
GUAVA-115_1,smt-37,update,0,
FASTJSON-26_1,smt-239,check,4,false
GUAVA-115_1,smt-1,check,0,false
GUAVA-115_1,smt-1,solve,232,SAT
GUAVA-115_1,smt-31,check,0,false
GUAVA-115_1,smt-31,solve,49,UNSAT
GUAVA-115_1,smt-31,update,0,
GUAVA-115_1,smt-7,check,0,false
GUAVA-115_1,smt-7,solve,216,UNSAT
GUAVA-115_1,smt-7,update,0,
GUAVA-115_1,smt-27,check,0,false
GUAVA-115_1,smt-27,solve,2,SAT
GUAVA-115_1,smt-18,check,0,false
GUAVA-115_1,smt-18,solve,74,UNSAT
GUAVA-115_1,smt-18,update,0,
GUAVA-115_1,smt-4,check,0,false
GUAVA-115_1,smt-4,solve,53,SAT
GUAVA-115_1,smt-24,check,0,false
GUAVA-115_1,smt-24,solve,3,SAT
GUAVA-115_1,smt-36,check,0,false
GUAVA-115_1,smt-36,solve,20,UNSAT
GUAVA-115_1,smt-36,update,0,
GUAVA-115_1,smt-38,check,0,false
GUAVA-115_1,smt-38,solve,40,UNSAT
GUAVA-115_1,smt-38,update,0,
GUAVA-197_1,smt-43,solve,2004,SAT
GUAVA-115_1,smt-25,check,0,true
GUAVA-115_1,smt-32,check,0,false
GUAVA-115_1,smt-32,solve,25,UNSAT
GUAVA-115_1,smt-32,update,0,
GUAVA-115_1,smt-30,check,0,false
GUAVA-115_1,smt-30,solve,82,UNSAT
GUAVA-115_1,smt-30,update,0,
GUAVA-115_1,smt-40,check,0,false
GUAVA-115_1,smt-40,solve,3,SAT
GUAVA-115_1,smt-20,check,0,true
GUAVA-115_1,smt-3,check,0,false
GUAVA-197_1,smt-47,check,3,false
GUAVA-115_1,smt-3,solve,87,SAT
GUAVA-115_1,smt-10,check,0,true
GUAVA-115_1,smt-13,check,0,true
GUAVA-115_1,smt-17,check,0,false
GUAVA-78_1,smt-160,solve,5002,UNKNOWN
FASTJSON-50_1,smt-218,solve,5003,UNKNOWN
FASTJSON-50_1,smt-183,check,0,false
FASTJSON-50_1,smt-183,solve,5,SAT
FASTJSON-50_1,smt-199,check,0,false
GUAVA-78_1,smt-11,check,0,false
GUAVA-78_1,smt-11,solve,4,SAT
GUAVA-78_1,smt-50,check,0,false
GUAVA-78_1,smt-50,solve,4,SAT
GUAVA-78_1,smt-44,check,0,false
GUAVA-78_1,smt-44,solve,9,UNSAT
GUAVA-78_1,smt-44,update,0,
GUAVA-78_1,smt-16,check,0,true
GUAVA-78_1,smt-146,check,0,true
GUAVA-78_1,smt-125,check,0,true
GUAVA-78_1,smt-94,check,0,false
FASTJSON-50_1,smt-199,solve,437,SAT
FASTJSON-26_1,smt-239,solve,3507,SAT
FASTJSON-50_1,smt-127,check,0,false
FASTJSON-50_1,smt-127,solve,3,SAT
FASTJSON-50_1,smt-24,check,0,false
FASTJSON-50_1,smt-24,solve,3,SAT
FASTJSON-50_1,smt-36,check,0,false
FASTJSON-50_1,smt-36,solve,3,SAT
FASTJSON-50_1,smt-207,check,0,false
FASTJSON-26_1,smt-203,check,6,false
GUAVA-78_1,smt-94,solve,382,SAT
GUAVA-78_1,smt-9,check,0,false
GUAVA-78_1,smt-9,solve,4,SAT
GUAVA-78_1,smt-12,check,0,false
GUAVA-78_1,smt-12,solve,3,SAT
GUAVA-78_1,smt-61,check,0,false
GUAVA-78_1,smt-61,solve,8,SAT
GUAVA-78_1,smt-132,check,0,false
FASTJSON-50_1,smt-207,solve,119,UNSAT
FASTJSON-50_1,smt-207,update,0,
FASTJSON-50_1,smt-76,check,0,false
FASTJSON-26_1,smt-203,solve,126,UNSAT
FASTJSON-26_1,smt-203,update,0,
FASTJSON-50_1,smt-76,solve,4,SAT
FASTJSON-50_1,smt-97,check,0,false
FASTJSON-50_1,smt-97,solve,4,SAT
FASTJSON-50_1,smt-128,check,0,false
FASTJSON-26_1,smt-130,check,3,true
FASTJSON-26_1,smt-209,check,0,false
FASTJSON-50_1,smt-128,solve,3,SAT
FASTJSON-50_1,smt-134,check,0,false
GUAVA-78_1,smt-132,solve,105,SAT
GUAVA-78_1,smt-108,check,0,false
FASTJSON-26_1,smt-209,solve,58,SAT
FASTJSON-26_1,smt-148,check,10,false
GUAVA-78_1,smt-108,solve,136,SAT
SPOON-151_1,smt-35,solve,5002,UNKNOWN
GUAVA-78_1,smt-163,check,1,false
SPOON-151_1,smt-836,check,1,true
SPOON-151_1,smt-98,check,0,true
SPOON-151_1,smt-436,check,1,true
SPOON-151_1,smt-594,check,2,false
FASTJSON-26_1,smt-148,solve,115,UNSAT
FASTJSON-26_1,smt-148,update,0,
FASTJSON-26_1,smt-253,check,6,false
FASTJSON-19_1,smt-89,solve,5003,UNKNOWN
FASTJSON-19_1,smt-53,check,0,true
FASTJSON-19_1,smt-7,check,0,false
FASTJSON-19_1,smt-7,solve,5,SAT
FASTJSON-19_1,smt-27,check,0,false
FASTJSON-19_1,smt-27,solve,3,SAT
FASTJSON-19_1,smt-75,check,0,false
FASTJSON-19_1,smt-75,solve,23,SAT
FASTJSON-19_1,smt-67,check,0,false
GUAVA-115_1,smt-17,solve,2777,SAT
FASTJSON-19_1,smt-67,solve,17,SAT
GUAVA-115_1,smt-21,check,0,true
GUAVA-115_1,smt-26,check,0,true
FASTJSON-19_1,smt-88,check,0,false
GUAVA-115_1,smt-39,check,0,true
GUAVA-115_1,smt-2,check,0,false
FASTJSON-19_1,smt-88,solve,22,SAT
FASTJSON-19_1,smt-48,check,0,false
GUAVA-78_1,smt-163,solve,675,UNSAT
GUAVA-78_1,smt-163,update,0,
FASTJSON-19_1,smt-48,solve,18,SAT
FASTJSON-19_1,smt-18,check,0,false
GUAVA-115_1,smt-2,solve,119,SAT
FASTJSON-19_1,smt-18,solve,9,SAT
FASTJSON-19_1,smt-92,check,0,false
GUAVA-115_1,smt-8,check,0,true
SPOON-151_1,smt-594,solve,700,SAT
GUAVA-115_1,smt-19,check,0,true
GUAVA-115_1,smt-33,check,0,true
GUAVA-115_1,smt-35,check,0,false
GUAVA-78_1,smt-22,check,0,false
GUAVA-115_1,smt-35,solve,2,SAT
GUAVA-115_1,smt-28,check,0,false
SPOON-151_1,smt-298,check,3,false
FASTJSON-19_1,smt-92,solve,20,UNSAT
FASTJSON-19_1,smt-92,update,0,
GUAVA-115_1,smt-28,solve,4,SAT
FASTJSON-19_1,smt-100,check,0,false
GUAVA-115_1,smt-34,check,0,true
GUAVA-78_1,smt-22,solve,15,UNSAT
GUAVA-78_1,smt-22,update,0,
GUAVA-115_1,smt-11,check,0,false
GUAVA-78_1,smt-62,check,0,false
SPOON-151_1,smt-298,solve,42,UNSAT
SPOON-151_1,smt-298,update,0,
SPOON-151_1,smt-56,check,0,true
SPOON-151_1,smt-1049,check,0,true
SPOON-151_1,smt-886,check,1,true
SPOON-151_1,smt-1104,check,1,true
GUAVA-78_1,smt-62,solve,175,SAT
SPOON-151_1,smt-346,check,0,true
GUAVA-78_1,smt-63,check,0,false
SPOON-151_1,smt-608,check,0,true
SPOON-151_1,smt-28,check,1,false
GUAVA-78_1,smt-63,solve,6,UNSAT
GUAVA-78_1,smt-63,update,0,
GUAVA-197_1,smt-47,solve,1697,UNSAT
GUAVA-197_1,smt-47,update,0,
GUAVA-78_1,smt-119,check,1,false
SPOON-151_1,smt-28,solve,383,SAT
SPOON-151_1,smt-286,check,0,true
SPOON-151_1,smt-505,check,1,true
SPOON-151_1,smt-129,check,4,false
GUAVA-197_1,smt-30,check,2,false
GUAVA-78_1,smt-119,solve,1671,SAT
GUAVA-78_1,smt-41,check,0,false
GUAVA-78_1,smt-41,solve,156,SAT
GUAVA-78_1,smt-72,check,0,true
GUAVA-78_1,smt-136,check,0,true
GUAVA-78_1,smt-166,check,1,false
FASTJSON-19_1,smt-100,solve,3030,SAT
GUAVA-197_1,smt-30,solve,951,SAT
GUAVA-115_1,smt-11,solve,3163,SAT
FASTJSON-19_1,smt-59,check,0,false
GUAVA-115_1,smt-16,check,0,false
FASTJSON-19_1,smt-59,solve,13,SAT
FASTJSON-19_1,smt-141,check,0,false
GUAVA-197_1,smt-40,check,0,false
FASTJSON-50_1,smt-134,solve,5002,UNKNOWN
FASTJSON-50_1,smt-216,check,1,false
GUAVA-197_1,smt-40,solve,193,SAT
GUAVA-197_1,smt-20,check,0,false
GUAVA-197_1,smt-20,solve,2,SAT
GUAVA-197_1,smt-3,check,0,false
GUAVA-197_1,smt-3,solve,3,SAT
GUAVA-197_1,smt-10,check,0,false
GUAVA-197_1,smt-10,solve,12,SAT
FASTJSON-50_1,smt-216,solve,161,UNSAT
GUAVA-197_1,smt-49,check,5,false
FASTJSON-50_1,smt-216,update,0,
FASTJSON-26_1,smt-253,solve,5002,UNKNOWN
FASTJSON-50_1,smt-60,check,0,false
FASTJSON-50_1,smt-60,solve,9,SAT
FASTJSON-50_1,smt-144,check,0,false
FASTJSON-26_1,smt-269,check,9,false
FASTJSON-50_1,smt-144,solve,3,SAT
FASTJSON-50_1,smt-38,check,0,false
FASTJSON-50_1,smt-38,solve,2,SAT
FASTJSON-50_1,smt-182,check,0,false
FASTJSON-50_1,smt-182,solve,3,SAT
FASTJSON-50_1,smt-175,check,0,false
FASTJSON-26_1,smt-269,solve,154,UNSAT
FASTJSON-26_1,smt-269,update,0,
FASTJSON-26_1,smt-159,check,10,false
SPOON-151_1,smt-129,solve,5002,UNKNOWN
SPOON-151_1,smt-1102,check,1,true
SPOON-151_1,smt-180,check,2,true
SPOON-151_1,smt-397,check,1,true
SPOON-151_1,smt-923,check,7,false
SPOON-151_1,smt-923,solve,45,UNSAT
SPOON-151_1,smt-923,update,0,
SPOON-151_1,smt-34,check,1,true
SPOON-151_1,smt-849,check,1,true
SPOON-151_1,smt-683,check,0,true
SPOON-151_1,smt-208,check,2,false
FASTJSON-19_1,smt-141,solve,3197,SAT
SPOON-151_1,smt-208,solve,460,SAT
GUAVA-115_1,smt-16,solve,3441,SAT
SPOON-151_1,smt-244,check,0,true
SPOON-151_1,smt-381,check,3,false
GUAVA-115_1,smt-9,check,0,true
SPOON-107_1,smt-92,solve,5084,UNKNOWN
GUAVA-115_1,smt-12,check,0,true
GUAVA-115_1,smt-22,check,0,false
GUAVA-115_1,smt-22,solve,3,SAT
FASTJSON-19_1,smt-42,check,0,false
GUAVA-115_1,smt-6,check,0,false
SPOON-151_1,smt-381,solve,51,UNSAT
SPOON-151_1,smt-381,update,0,
SPOON-151_1,smt-974,check,0,true
GUAVA-115_1,smt-6,solve,34,SAT
SPOON-151_1,smt-681,check,0,true
GUAVA-115_1,smt-29,check,0,true
SPOON-151_1,smt-378,check,1,false
GUAVA-115_1,smt-5,check,0,false
GUAVA-115_1,smt-5,solve,84,SAT
GUAVA-115_1,smt-15,check,0,false
GUAVA-115_1,smt-15,solve,2,SAT
GUAVA-115_1,smt-14,check,0,true
GUAVA-115_1,smt-23,check,0,true
FASTJSON-9_1,smt-57,check,0,false
FASTJSON-19_1,smt-42,solve,235,UNSAT
FASTJSON-19_1,smt-42,update,0,
FASTJSON-9_1,smt-57,solve,45,UNSAT
FASTJSON-9_1,smt-57,update,0,
FASTJSON-19_1,smt-82,check,0,false
FASTJSON-9_1,smt-37,check,0,false
FASTJSON-19_1,smt-82,solve,26,SAT
FASTJSON-19_1,smt-4,check,0,false
FASTJSON-9_1,smt-37,solve,21,UNSAT
FASTJSON-9_1,smt-37,update,0,
FASTJSON-9_1,smt-1,check,0,false
FASTJSON-19_1,smt-4,solve,3,SAT
FASTJSON-19_1,smt-66,check,0,false
FASTJSON-9_1,smt-1,solve,2,UNSAT
FASTJSON-9_1,smt-1,update,0,
FASTJSON-9_1,smt-31,check,0,false
GUAVA-78_1,smt-166,solve,5002,UNKNOWN
SPOON-151_1,smt-378,solve,508,SAT
FASTJSON-19_1,smt-66,solve,21,SAT
FASTJSON-9_1,smt-31,solve,26,SAT
SPOON-151_1,smt-916,check,0,true
FASTJSON-19_1,smt-120,check,0,false
FASTJSON-9_1,smt-53,check,0,false
SPOON-151_1,smt-722,check,1,true
FASTJSON-9_1,smt-53,solve,4,SAT
FASTJSON-9_1,smt-7,check,0,false
SPOON-151_1,smt-201,check,2,false
FASTJSON-19_1,smt-120,solve,14,UNSAT
FASTJSON-19_1,smt-120,update,0,
FASTJSON-9_1,smt-7,solve,5,SAT
FASTJSON-9_1,smt-27,check,0,false
FASTJSON-19_1,smt-121,check,0,false
FASTJSON-9_1,smt-27,solve,46,UNSAT
FASTJSON-9_1,smt-27,update,0,
FASTJSON-9_1,smt-75,check,0,false
FASTJSON-9_1,smt-75,solve,9,SAT
FASTJSON-9_1,smt-67,check,0,false
FASTJSON-9_1,smt-67,solve,6,UNSAT
FASTJSON-9_1,smt-67,update,0,
FASTJSON-9_1,smt-48,check,0,false
GUAVA-78_1,smt-140,check,0,true
FASTJSON-9_1,smt-48,solve,6,SAT
FASTJSON-9_1,smt-18,check,0,false
GUAVA-78_1,smt-157,check,1,false
FASTJSON-9_1,smt-18,solve,23,UNSAT
FASTJSON-9_1,smt-18,update,0,
FASTJSON-9_1,smt-59,check,0,false
FASTJSON-9_1,smt-59,solve,4,UNSAT
FASTJSON-9_1,smt-59,update,0,
FASTJSON-9_1,smt-42,check,0,false
FASTJSON-9_1,smt-42,solve,6,SAT
FASTJSON-9_1,smt-4,check,0,false
FASTJSON-9_1,smt-4,solve,3,SAT
FASTJSON-9_1,smt-66,check,0,false
SPOON-107_1,smt-59,check,0,false
SPOON-151_1,smt-201,solve,636,SAT
SPOON-151_1,smt-169,check,1,false
FASTJSON-9_1,smt-66,solve,53,UNSAT
FASTJSON-9_1,smt-66,update,0,
FASTJSON-9_1,smt-24,check,0,true
FASTJSON-9_1,smt-36,check,0,false
FASTJSON-9_1,smt-36,solve,7,SAT
FASTJSON-9_1,smt-60,check,0,false
FASTJSON-9_1,smt-60,solve,8,UNSAT
FASTJSON-9_1,smt-60,update,0,
FASTJSON-9_1,smt-38,check,0,false
FASTJSON-9_1,smt-38,solve,6,SAT
FASTJSON-9_1,smt-45,check,0,true
FASTJSON-9_1,smt-64,check,0,false
FASTJSON-9_1,smt-64,solve,24,SAT
FASTJSON-9_1,smt-25,check,0,false
FASTJSON-9_1,smt-25,solve,5,SAT
FASTJSON-9_1,smt-32,check,0,false
FASTJSON-9_1,smt-32,solve,48,UNSAT
FASTJSON-9_1,smt-32,update,0,
FASTJSON-9_1,smt-43,check,0,false
FASTJSON-9_1,smt-43,solve,6,SAT
FASTJSON-9_1,smt-47,check,0,false
SPOON-151_1,smt-169,solve,470,SAT
FASTJSON-9_1,smt-47,solve,18,SAT
FASTJSON-9_1,smt-30,check,0,false
SPOON-151_1,smt-839,check,2,true
SPOON-151_1,smt-68,check,0,true
SPOON-151_1,smt-160,check,0,true
SPOON-151_1,smt-11,check,1,false
FASTJSON-9_1,smt-30,solve,28,UNSAT
FASTJSON-9_1,smt-30,update,0,
FASTJSON-9_1,smt-40,check,0,false
FASTJSON-9_1,smt-40,solve,5,UNSAT
FASTJSON-9_1,smt-40,update,0,
FASTJSON-9_1,smt-20,check,0,false
FASTJSON-9_1,smt-20,solve,25,UNSAT
FASTJSON-9_1,smt-20,update,0,
FASTJSON-9_1,smt-74,check,0,false
FASTJSON-9_1,smt-74,solve,7,UNSAT
FASTJSON-9_1,smt-74,update,0,
FASTJSON-9_1,smt-69,check,0,false
SPOON-151_1,smt-11,solve,247,SAT
SPOON-151_1,smt-50,check,1,true
SPOON-151_1,smt-915,check,0,true
SPOON-151_1,smt-862,check,0,true
SPOON-151_1,smt-630,check,1,false
FASTJSON-9_1,smt-69,solve,32,UNSAT
FASTJSON-9_1,smt-69,update,0,
FASTJSON-9_1,smt-3,check,0,false
FASTJSON-9_1,smt-3,solve,3,SAT
FASTJSON-9_1,smt-10,check,0,false
FASTJSON-9_1,smt-10,solve,3,SAT
FASTJSON-9_1,smt-49,check,0,false
SPOON-151_1,smt-630,solve,46,UNSAT
SPOON-151_1,smt-630,update,0,
SPOON-151_1,smt-934,check,0,true
SPOON-151_1,smt-516,check,1,true
FASTJSON-9_1,smt-49,solve,25,UNSAT
FASTJSON-9_1,smt-49,update,0,
FASTJSON-50_1,smt-175,solve,5002,UNKNOWN
SPOON-151_1,smt-592,check,0,true
FASTJSON-9_1,smt-13,check,0,false
SPOON-151_1,smt-336,check,0,true
SPOON-151_1,smt-217,check,0,true
SPOON-151_1,smt-703,check,0,true
FASTJSON-9_1,smt-13,solve,19,UNSAT
FASTJSON-9_1,smt-13,update,0,
FASTJSON-50_1,smt-45,check,0,false
FASTJSON-9_1,smt-17,check,0,false
SPOON-151_1,smt-320,check,0,true
SPOON-151_1,smt-44,check,0,true
SPOON-151_1,smt-893,check,1,true
SPOON-151_1,smt-559,check,0,true
SPOON-151_1,smt-1163,check,2,false
FASTJSON-9_1,smt-17,solve,24,UNSAT
FASTJSON-9_1,smt-17,update,0,
FASTJSON-9_1,smt-21,check,0,false
FASTJSON-9_1,smt-21,solve,5,SAT
FASTJSON-9_1,smt-58,check,0,false
FASTJSON-9_1,smt-58,solve,2,UNSAT
FASTJSON-9_1,smt-58,update,0,
FASTJSON-9_1,smt-51,check,0,false
SPOON-151_1,smt-1163,solve,32,UNSAT
SPOON-151_1,smt-1163,update,0,
FASTJSON-9_1,smt-51,solve,30,SAT
FASTJSON-9_1,smt-71,check,0,false
SPOON-151_1,smt-674,check,4,false
FASTJSON-9_1,smt-71,solve,5,SAT
FASTJSON-9_1,smt-26,check,0,false
FASTJSON-9_1,smt-26,solve,5,SAT
FASTJSON-9_1,smt-52,check,0,false
FASTJSON-26_1,smt-159,solve,5003,UNKNOWN
SPOON-151_1,smt-674,solve,35,UNSAT
SPOON-151_1,smt-674,update,0,
SPOON-151_1,smt-812,check,1,true
FASTJSON-9_1,smt-52,solve,33,UNSAT
FASTJSON-9_1,smt-52,update,0,
SPOON-151_1,smt-290,check,0,true
FASTJSON-26_1,smt-272,check,4,false
FASTJSON-9_1,smt-39,check,0,false
SPOON-151_1,smt-834,check,1,true
FASTJSON-9_1,smt-39,solve,5,SAT
SPOON-151_1,smt-263,check,0,true
SPOON-151_1,smt-603,check,0,true
FASTJSON-9_1,smt-46,check,1,false
SPOON-151_1,smt-905,check,3,false
SPOON-151_1,smt-905,solve,64,UNSAT
SPOON-151_1,smt-905,update,0,
SPOON-151_1,smt-875,check,1,true
SPOON-151_1,smt-16,check,0,false
SPOON-151_1,smt-16,solve,19,UNSAT
SPOON-151_1,smt-16,update,0,
SPOON-151_1,smt-854,check,4,false
FASTJSON-19_1,smt-121,solve,3004,SAT
FASTJSON-50_1,smt-45,solve,986,SAT
FASTJSON-50_1,smt-259,check,0,false
FASTJSON-50_1,smt-259,solve,3,SAT
FASTJSON-50_1,smt-64,check,0,false
FASTJSON-50_1,smt-64,solve,3,SAT
FASTJSON-50_1,smt-25,check,0,false
FASTJSON-19_1,smt-85,check,0,false
FASTJSON-19_1,smt-85,solve,10,SAT
FASTJSON-19_1,smt-104,check,0,false
FASTJSON-19_1,smt-104,solve,10,SAT
FASTJSON-19_1,smt-127,check,0,false
FASTJSON-26_1,smt-272,solve,819,SAT
FASTJSON-50_1,smt-25,solve,248,SAT
FASTJSON-50_1,smt-32,check,0,false
SPOON-151_1,smt-854,solve,626,SAT
SPOON-151_1,smt-922,check,1,true
FASTJSON-26_1,smt-110,check,2,true
SPOON-151_1,smt-1057,check,0,true
FASTJSON-50_1,smt-32,solve,123,SAT
FASTJSON-50_1,smt-99,check,0,false
FASTJSON-26_1,smt-219,check,1,true
SPOON-151_1,smt-459,check,1,true
FASTJSON-50_1,smt-99,solve,4,SAT
FASTJSON-26_1,smt-52,check,9,false
FASTJSON-50_1,smt-43,check,0,false
SPOON-151_1,smt-802,check,1,true
SPOON-151_1,smt-522,check,0,true
SPOON-151_1,smt-1097,check,0,true
SPOON-151_1,smt-371,check,0,true
FASTJSON-50_1,smt-43,solve,46,SAT
FASTJSON-50_1,smt-47,check,0,false
SPOON-151_1,smt-546,check,0,true
FASTJSON-50_1,smt-47,solve,3,SAT
FASTJSON-50_1,smt-156,check,0,false
SPOON-151_1,smt-596,check,2,true
FASTJSON-50_1,smt-156,solve,4,SAT
FASTJSON-50_1,smt-124,check,0,false
SPOON-151_1,smt-288,check,0,true
FASTJSON-50_1,smt-124,solve,3,UNSAT
FASTJSON-50_1,smt-124,update,0,
SPOON-151_1,smt-1026,check,6,false
FASTJSON-50_1,smt-262,check,0,false
FASTJSON-50_1,smt-262,solve,13,SAT
FASTJSON-50_1,smt-154,check,2,false
FASTJSON-26_1,smt-52,solve,165,UNSAT
FASTJSON-26_1,smt-52,update,0,
GUAVA-197_1,smt-49,solve,5002,UNKNOWN
FASTJSON-26_1,smt-39,check,2,false
FASTJSON-26_1,smt-39,solve,58,UNSAT
FASTJSON-26_1,smt-39,update,0,
FASTJSON-26_1,smt-46,check,16,false
GUAVA-197_1,smt-13,check,0,false
FASTJSON-26_1,smt-46,solve,159,UNSAT
FASTJSON-26_1,smt-46,update,0,
GUAVA-197_1,smt-13,solve,7,SAT
GUAVA-197_1,smt-17,check,0,false
GUAVA-197_1,smt-17,solve,2,SAT
GUAVA-197_1,smt-21,check,0,false
FASTJSON-26_1,smt-2,check,0,false
GUAVA-197_1,smt-21,solve,3,SAT
FASTJSON-26_1,smt-2,solve,4,SAT
FASTJSON-26_1,smt-187,check,9,false
GUAVA-197_1,smt-58,check,3,false
FASTJSON-26_1,smt-187,solve,110,UNSAT
FASTJSON-26_1,smt-187,update,0,
GUAVA-78_1,smt-157,solve,5002,UNKNOWN
FASTJSON-26_1,smt-123,check,11,false
SPOON-107_1,smt-59,solve,5003,UNKNOWN
SPOON-107_1,smt-42,check,0,false
GUAVA-78_1,smt-112,check,0,false
FASTJSON-26_1,smt-123,solve,111,UNSAT
FASTJSON-26_1,smt-123,update,0,
FASTJSON-26_1,smt-79,check,6,false
SPOON-107_1,smt-42,solve,346,SAT
FASTJSON-26_1,smt-79,solve,104,UNSAT
FASTJSON-26_1,smt-79,update,0,
SPOON-107_1,smt-82,check,0,false
FASTJSON-26_1,smt-8,check,3,false
FASTJSON-26_1,smt-8,solve,65,UNSAT
FASTJSON-26_1,smt-8,update,0,
FASTJSON-26_1,smt-214,check,6,false
GUAVA-78_1,smt-112,solve,1458,SAT
FASTJSON-19_1,smt-127,solve,3862,SAT
GUAVA-78_1,smt-6,check,0,true
GUAVA-78_1,smt-103,check,1,false
FASTJSON-19_1,smt-24,check,0,false
FASTJSON-9_1,smt-46,solve,5003,UNKNOWN
FASTJSON-19_1,smt-24,solve,8,UNSAT
FASTJSON-19_1,smt-24,update,0,
FASTJSON-19_1,smt-36,check,0,false
FASTJSON-9_1,smt-2,check,0,false
FASTJSON-9_1,smt-2,solve,3,UNSAT
FASTJSON-9_1,smt-2,update,0,
FASTJSON-9_1,smt-8,check,0,false
FASTJSON-9_1,smt-8,solve,32,UNSAT
FASTJSON-9_1,smt-8,update,0,
FASTJSON-19_1,smt-36,solve,60,UNSAT
FASTJSON-19_1,smt-36,update,0,
FASTJSON-9_1,smt-19,check,1,false
FASTJSON-19_1,smt-76,check,0,false
FASTJSON-26_1,smt-214,solve,1283,SAT
FASTJSON-9_1,smt-19,solve,49,UNSAT
FASTJSON-9_1,smt-19,update,0,
FASTJSON-26_1,smt-122,check,0,false
FASTJSON-9_1,smt-33,check,1,false
FASTJSON-26_1,smt-122,solve,1,UNSAT
FASTJSON-26_1,smt-122,update,0,
FASTJSON-26_1,smt-19,check,4,false
GUAVA-78_1,smt-103,solve,702,SAT
FASTJSON-9_1,smt-33,solve,31,UNSAT
FASTJSON-9_1,smt-33,update,0,
FASTJSON-9_1,smt-73,check,0,true
FASTJSON-9_1,smt-70,check,0,false
GUAVA-78_1,smt-126,check,1,false
FASTJSON-9_1,smt-70,solve,4,UNSAT
FASTJSON-9_1,smt-70,update,0,
FASTJSON-9_1,smt-35,check,0,false
FASTJSON-9_1,smt-35,solve,5,SAT
FASTJSON-26_1,smt-19,solve,79,UNSAT
FASTJSON-26_1,smt-19,update,0,
FASTJSON-9_1,smt-56,check,1,false
FASTJSON-26_1,smt-229,check,1,false
FASTJSON-9_1,smt-56,solve,36,UNSAT
FASTJSON-9_1,smt-56,update,0,
FASTJSON-26_1,smt-229,solve,71,SAT
FASTJSON-9_1,smt-28,check,0,false
FASTJSON-9_1,smt-28,solve,5,SAT
FASTJSON-26_1,smt-149,check,8,false
FASTJSON-9_1,smt-34,check,1,false
FASTJSON-9_1,smt-34,solve,32,UNSAT
FASTJSON-9_1,smt-34,update,0,
FASTJSON-9_1,smt-68,check,0,false
FASTJSON-9_1,smt-68,solve,4,UNSAT
FASTJSON-9_1,smt-68,update,0,
FASTJSON-9_1,smt-11,check,0,false
FASTJSON-9_1,smt-11,solve,3,SAT
FASTJSON-9_1,smt-50,check,0,false
FASTJSON-9_1,smt-50,solve,6,UNSAT
FASTJSON-9_1,smt-50,update,0,
FASTJSON-9_1,smt-44,check,1,false
FASTJSON-26_1,smt-149,solve,109,UNSAT
FASTJSON-26_1,smt-149,update,0,
FASTJSON-9_1,smt-44,solve,31,UNSAT
FASTJSON-9_1,smt-44,update,0,
FASTJSON-9_1,smt-16,check,0,false
FASTJSON-26_1,smt-95,check,8,false
SPOON-151_1,smt-1026,solve,5006,UNKNOWN
SPOON-151_1,smt-146,check,0,true
FASTJSON-9_1,smt-16,solve,30,UNSAT
FASTJSON-9_1,smt-16,update,0,
FASTJSON-9_1,smt-9,check,0,false
SPOON-151_1,smt-694,check,1,true
FASTJSON-9_1,smt-9,solve,5,UNSAT
FASTJSON-9_1,smt-9,update,0,
SPOON-151_1,smt-484,check,1,true
FASTJSON-9_1,smt-12,check,0,false
SPOON-151_1,smt-226,check,0,true
SPOON-151_1,smt-125,check,3,false
FASTJSON-50_1,smt-154,solve,5003,UNKNOWN
FASTJSON-9_1,smt-12,solve,41,UNSAT
FASTJSON-9_1,smt-12,update,0,
FASTJSON-9_1,smt-61,check,0,false
FASTJSON-26_1,smt-95,solve,127,UNSAT
SPOON-151_1,smt-125,solve,50,UNSAT
FASTJSON-26_1,smt-95,update,0,
SPOON-151_1,smt-125,update,0,
FASTJSON-50_1,smt-116,check,0,false
FASTJSON-9_1,smt-61,solve,5,UNSAT
FASTJSON-9_1,smt-61,update,0,
FASTJSON-50_1,smt-116,solve,3,SAT
FASTJSON-9_1,smt-22,check,0,false
SPOON-151_1,smt-240,check,0,true
FASTJSON-50_1,smt-101,check,0,false
SPOON-151_1,smt-238,check,0,true
FASTJSON-50_1,smt-101,solve,4,SAT
FASTJSON-50_1,smt-228,check,0,false
SPOON-151_1,smt-519,check,0,true
FASTJSON-26_1,smt-84,check,6,false
FASTJSON-50_1,smt-228,solve,3,SAT
SPOON-151_1,smt-94,check,0,true
FASTJSON-50_1,smt-30,check,0,false
SPOON-151_1,smt-543,check,0,true
SPOON-151_1,smt-309,check,0,true
SPOON-151_1,smt-714,check,0,true
SPOON-151_1,smt-1027,check,1,true
SPOON-151_1,smt-1176,check,0,true
SPOON-151_1,smt-531,check,1,true
SPOON-151_1,smt-223,check,0,true
SPOON-151_1,smt-613,check,0,true
SPOON-151_1,smt-192,check,0,true
SPOON-151_1,smt-1066,check,0,true
SPOON-151_1,smt-177,check,0,true
SPOON-151_1,smt-9,check,0,false
GUAVA-78_1,smt-126,solve,1228,SAT
SPOON-151_1,smt-9,solve,22,SAT
SPOON-151_1,smt-632,check,2,false
FASTJSON-50_1,smt-30,solve,87,UNSAT
FASTJSON-50_1,smt-30,update,0,
FASTJSON-26_1,smt-84,solve,149,UNSAT
FASTJSON-26_1,smt-84,update,0,
FASTJSON-50_1,smt-138,check,0,false
GUAVA-78_1,smt-29,check,0,false
FASTJSON-50_1,smt-138,solve,3,SAT
FASTJSON-26_1,smt-78,check,9,false
FASTJSON-50_1,smt-168,check,1,false
GUAVA-78_1,smt-29,solve,75,SAT
GUAVA-78_1,smt-5,check,0,false
FASTJSON-9_1,smt-22,solve,496,SAT
GUAVA-78_1,smt-5,solve,10,SAT
FASTJSON-9_1,smt-62,check,1,false
FASTJSON-26_1,smt-78,solve,83,UNSAT
FASTJSON-26_1,smt-78,update,0,
FASTJSON-26_1,smt-251,check,9,false
FASTJSON-9_1,smt-62,solve,45,UNSAT
FASTJSON-9_1,smt-62,update,0,
FASTJSON-9_1,smt-63,check,1,false
FASTJSON-50_1,smt-168,solve,153,UNSAT
FASTJSON-50_1,smt-168,update,0,
GUAVA-78_1,smt-135,check,2,false
FASTJSON-50_1,smt-215,check,0,false
FASTJSON-50_1,smt-215,solve,4,SAT
FASTJSON-50_1,smt-40,check,0,false
FASTJSON-9_1,smt-63,solve,21,UNSAT
FASTJSON-9_1,smt-63,update,0,
FASTJSON-50_1,smt-40,solve,3,SAT
FASTJSON-9_1,smt-41,check,0,false
FASTJSON-50_1,smt-111,check,1,false
FASTJSON-9_1,smt-41,solve,6,UNSAT
FASTJSON-9_1,smt-41,update,0,
FASTJSON-9_1,smt-72,check,0,false
FASTJSON-9_1,smt-72,solve,28,UNSAT
FASTJSON-9_1,smt-72,update,0,
FASTJSON-9_1,smt-6,check,0,false
FASTJSON-9_1,smt-6,solve,6,SAT
FASTJSON-9_1,smt-29,check,0,false
FASTJSON-26_1,smt-251,solve,133,UNSAT
FASTJSON-26_1,smt-251,update,0,
FASTJSON-9_1,smt-29,solve,6,SAT
FASTJSON-9_1,smt-5,check,0,false
FASTJSON-9_1,smt-5,solve,6,SAT
FASTJSON-26_1,smt-164,check,10,false
FASTJSON-9_1,smt-15,check,0,false
SPOON-151_1,smt-632,solve,829,SAT
SPOON-151_1,smt-12,check,0,true
SPOON-151_1,smt-1034,check,8,false
FASTJSON-9_1,smt-15,solve,42,UNSAT
FASTJSON-9_1,smt-15,update,0,
FASTJSON-9_1,smt-14,check,0,true
FASTJSON-9_1,smt-65,check,2,false
SPOON-151_1,smt-1034,solve,44,UNSAT
SPOON-151_1,smt-1034,update,0,
SPOON-151_1,smt-614,check,0,true
SPOON-151_1,smt-61,check,1,true
FASTJSON-26_1,smt-164,solve,113,UNSAT
FASTJSON-26_1,smt-164,update,0,
SPOON-151_1,smt-1118,check,1,true
SPOON-151_1,smt-779,check,6,false
FASTJSON-26_1,smt-151,check,9,false
GUAVA-197_1,smt-58,solve,4059,SAT
SPOON-151_1,smt-779,solve,45,UNSAT
SPOON-151_1,smt-779,update,0,
SPOON-151_1,smt-1131,check,7,false
FASTJSON-26_1,smt-151,solve,118,UNSAT
FASTJSON-26_1,smt-151,update,0,
SPOON-107_1,smt-82,solve,5008,UNKNOWN
FASTJSON-50_1,smt-111,solve,894,SAT
FASTJSON-26_1,smt-80,check,6,false
SPOON-151_1,smt-1131,solve,132,UNSAT
SPOON-151_1,smt-1131,update,0,
SPOON-151_1,smt-664,check,0,true
SPOON-107_1,smt-4,check,0,false
SPOON-107_1,smt-4,solve,3,SAT
SPOON-151_1,smt-496,check,1,true
SPOON-107_1,smt-66,check,0,false
SPOON-151_1,smt-577,check,10,false
FASTJSON-50_1,smt-20,check,0,false
FASTJSON-50_1,smt-20,solve,4,SAT
SPOON-107_1,smt-66,solve,20,UNSAT
SPOON-107_1,smt-66,update,0,
FASTJSON-50_1,smt-248,check,2,false
SPOON-107_1,smt-85,check,0,false
FASTJSON-19_1,smt-76,solve,3625,SAT
GUAVA-197_1,smt-51,check,1,false
FASTJSON-19_1,smt-97,check,0,false
FASTJSON-19_1,smt-97,solve,29,SAT
FASTJSON-19_1,smt-128,check,0,false
FASTJSON-19_1,smt-128,solve,2,UNSAT
FASTJSON-19_1,smt-128,update,0,
FASTJSON-19_1,smt-134,check,0,false
FASTJSON-19_1,smt-134,solve,21,UNSAT
FASTJSON-19_1,smt-134,update,0,
FASTJSON-19_1,smt-60,check,0,false
SPOON-151_1,smt-577,solve,530,SAT
SPOON-151_1,smt-246,check,0,true
FASTJSON-19_1,smt-60,solve,16,SAT
SPOON-151_1,smt-1109,check,6,false
FASTJSON-19_1,smt-38,check,0,false
FASTJSON-19_1,smt-38,solve,21,SAT
FASTJSON-19_1,smt-45,check,0,false
FASTJSON-19_1,smt-45,solve,8,SAT
FASTJSON-19_1,smt-64,check,0,false
FASTJSON-19_1,smt-64,solve,3,SAT
FASTJSON-19_1,smt-25,check,0,false
FASTJSON-9_1,smt-65,solve,1727,SAT
GUAVA-197_1,smt-51,solve,450,SAT
FASTJSON-50_1,smt-248,solve,933,SAT
FASTJSON-9_1,smt-54,check,0,false
FASTJSON-9_1,smt-54,solve,5,UNSAT
FASTJSON-9_1,smt-54,update,0,
FASTJSON-9_1,smt-55,check,0,true
FASTJSON-9_1,smt-23,check,0,false
GUAVA-197_1,smt-26,check,0,false
FASTJSON-9_1,smt-23,solve,5,SAT
GUAVA-197_1,smt-26,solve,4,SAT
GUAVA-275_1,smt-57,check,0,false
FASTJSON-50_1,smt-190,check,1,false
GUAVA-197_1,smt-52,check,1,false
GUAVA-275_1,smt-57,solve,7,UNSAT
GUAVA-275_1,smt-57,update,0,
GUAVA-275_1,smt-90,check,0,false
GUAVA-275_1,smt-90,solve,3,SAT
GUAVA-275_1,smt-37,check,0,false
GUAVA-275_1,smt-37,solve,13,UNSAT
GUAVA-275_1,smt-37,update,0,
GUAVA-275_1,smt-1,check,0,false
GUAVA-275_1,smt-1,solve,4,UNSAT
GUAVA-275_1,smt-1,update,0,
GUAVA-275_1,smt-87,check,0,false
GUAVA-275_1,smt-87,solve,5,UNSAT
GUAVA-275_1,smt-87,update,0,
GUAVA-275_1,smt-31,check,0,false
FASTJSON-50_1,smt-190,solve,140,UNSAT
FASTJSON-50_1,smt-190,update,0,
GUAVA-275_1,smt-31,solve,138,SAT
FASTJSON-50_1,smt-74,check,0,false
GUAVA-275_1,smt-89,check,0,false
FASTJSON-50_1,smt-74,solve,3,SAT
GUAVA-275_1,smt-89,solve,3,SAT
FASTJSON-50_1,smt-69,check,0,false
GUAVA-275_1,smt-53,check,0,false
GUAVA-275_1,smt-53,solve,5,UNSAT
GUAVA-275_1,smt-53,update,0,
GUAVA-275_1,smt-7,check,0,true
GUAVA-275_1,smt-27,check,0,false
SPOON-107_1,smt-85,solve,1840,SAT
GUAVA-275_1,smt-27,solve,7,UNSAT
GUAVA-275_1,smt-27,update,0,
GUAVA-275_1,smt-75,check,0,false
SPOON-107_1,smt-24,check,0,false
FASTJSON-50_1,smt-69,solve,260,SAT
FASTJSON-50_1,smt-3,check,2,false
SPOON-107_1,smt-24,solve,444,SAT
SPOON-107_1,smt-36,check,0,false
GUAVA-197_1,smt-52,solve,541,SAT
GUAVA-197_1,smt-39,check,1,false
SPOON-107_1,smt-36,solve,311,SAT
SPOON-107_1,smt-76,check,0,false
GUAVA-197_1,smt-39,solve,256,SAT
GUAVA-197_1,smt-46,check,3,false
GUAVA-78_1,smt-135,solve,5003,UNKNOWN
GUAVA-78_1,smt-143,check,2,false
FASTJSON-26_1,smt-80,solve,5003,UNKNOWN
SPOON-151_1,smt-1109,solve,4282,UNSAT
SPOON-151_1,smt-1109,update,0,
SPOON-151_1,smt-824,check,2,true
SPOON-151_1,smt-170,check,0,true
FASTJSON-26_1,smt-115,check,26,false
SPOON-151_1,smt-1082,check,2,true
SPOON-151_1,smt-198,check,0,true
SPOON-151_1,smt-400,check,1,true
SPOON-151_1,smt-257,check,0,true
SPOON-151_1,smt-1039,check,1,true
SPOON-151_1,smt-273,check,0,true
SPOON-151_1,smt-301,check,0,true
SPOON-151_1,smt-382,check,5,false
FASTJSON-26_1,smt-115,solve,89,UNSAT
FASTJSON-26_1,smt-115,update,0,
FASTJSON-26_1,smt-197,check,2,false
FASTJSON-26_1,smt-197,solve,50,SAT
FASTJSON-26_1,smt-242,check,17,false
SPOON-151_1,smt-382,solve,529,SAT
SPOON-151_1,smt-927,check,11,false
FASTJSON-26_1,smt-242,solve,88,UNSAT
FASTJSON-26_1,smt-242,update,0,
FASTJSON-19_1,smt-25,solve,5071,UNKNOWN
FASTJSON-26_1,smt-232,check,11,false
FASTJSON-19_1,smt-32,check,0,false
FASTJSON-19_1,smt-32,solve,4,UNSAT
FASTJSON-19_1,smt-32,update,0,
FASTJSON-19_1,smt-99,check,0,false
SPOON-151_1,smt-927,solve,106,UNSAT
SPOON-151_1,smt-927,update,0,
SPOON-151_1,smt-775,check,4,true
SPOON-151_1,smt-738,check,1,true
SPOON-151_1,smt-132,check,5,true
SPOON-151_1,smt-823,check,2,true
SPOON-151_1,smt-727,check,2,true
SPOON-151_1,smt-447,check,0,true
SPOON-151_1,smt-612,check,8,false
GUAVA-78_1,smt-143,solve,2081,SAT
GUAVA-78_1,smt-86,check,0,false
GUAVA-78_1,smt-86,solve,7,UNSAT
GUAVA-78_1,smt-86,update,0,
GUAVA-78_1,smt-106,check,1,false
GUAVA-275_1,smt-75,solve,5003,UNKNOWN
GUAVA-275_1,smt-67,check,0,false
GUAVA-275_1,smt-67,solve,17,SAT
GUAVA-275_1,smt-88,check,0,false
GUAVA-275_1,smt-88,solve,11,UNSAT
GUAVA-275_1,smt-88,update,0,
GUAVA-275_1,smt-48,check,0,false
GUAVA-275_1,smt-48,solve,5,UNSAT
GUAVA-275_1,smt-48,update,0,
GUAVA-275_1,smt-18,check,0,false
FASTJSON-50_1,smt-3,solve,5002,UNKNOWN
GUAVA-78_1,smt-106,solve,892,SAT
GUAVA-78_1,smt-15,check,0,false
FASTJSON-50_1,smt-81,check,0,false
GUAVA-78_1,smt-15,solve,2,SAT
GUAVA-78_1,smt-14,check,0,false
FASTJSON-50_1,smt-81,solve,3,SAT
GUAVA-275_1,smt-18,solve,108,SAT
GUAVA-78_1,smt-14,solve,4,SAT
GUAVA-275_1,smt-92,check,0,false
FASTJSON-50_1,smt-179,check,3,false
GUAVA-275_1,smt-92,solve,3,SAT
GUAVA-275_1,smt-100,check,0,false
GUAVA-275_1,smt-100,solve,2,SAT
GUAVA-275_1,smt-59,check,0,false
GUAVA-78_1,smt-145,check,3,false
GUAVA-275_1,smt-59,solve,9,UNSAT
GUAVA-275_1,smt-59,update,0,
GUAVA-275_1,smt-42,check,0,false
GUAVA-275_1,smt-42,solve,12,UNSAT
GUAVA-275_1,smt-42,update,0,
GUAVA-275_1,smt-82,check,0,false
GUAVA-275_1,smt-82,solve,12,UNSAT
GUAVA-275_1,smt-82,update,0,
GUAVA-275_1,smt-4,check,0,false
GUAVA-275_1,smt-4,solve,4,SAT
SPOON-107_1,smt-76,solve,5005,UNKNOWN
GUAVA-275_1,smt-66,check,0,false
GUAVA-275_1,smt-66,solve,14,UNSAT
GUAVA-275_1,smt-66,update,0,
GUAVA-275_1,smt-85,check,0,false
GUAVA-275_1,smt-85,solve,7,UNSAT
GUAVA-275_1,smt-85,update,0,
GUAVA-275_1,smt-104,check,0,false
SPOON-107_1,smt-60,check,0,false
GUAVA-275_1,smt-104,solve,3,SAT
GUAVA-275_1,smt-24,check,0,false
GUAVA-275_1,smt-24,solve,5,UNSAT
GUAVA-275_1,smt-24,update,0,
GUAVA-275_1,smt-36,check,0,false
GUAVA-275_1,smt-36,solve,13,UNSAT
GUAVA-275_1,smt-36,update,0,
GUAVA-275_1,smt-76,check,0,false
GUAVA-197_1,smt-46,solve,3481,SAT
FASTJSON-19_1,smt-99,solve,2699,SAT
GUAVA-197_1,smt-2,check,0,false
GUAVA-275_1,smt-76,solve,563,UNSAT
GUAVA-275_1,smt-76,update,0,
GUAVA-197_1,smt-2,solve,3,SAT
GUAVA-197_1,smt-8,check,0,false
GUAVA-197_1,smt-8,solve,3,SAT
GUAVA-197_1,smt-19,check,0,false
GUAVA-197_1,smt-19,solve,3,SAT
GUAVA-275_1,smt-97,check,0,false
GUAVA-197_1,smt-33,check,3,false
SPOON-107_1,smt-60,solve,836,SAT
GUAVA-275_1,smt-97,solve,5,UNSAT
GUAVA-275_1,smt-97,update,0,
GUAVA-275_1,smt-60,check,0,false
SPOON-107_1,smt-38,check,0,false
FASTJSON-19_1,smt-43,check,0,false
GUAVA-275_1,smt-60,solve,58,UNSAT
GUAVA-275_1,smt-60,update,100,
GUAVA-275_1,smt-38,check,0,false
GUAVA-275_1,smt-38,solve,14,SAT
GUAVA-275_1,smt-45,check,0,false
SPOON-107_1,smt-38,solve,447,SAT
SPOON-107_1,smt-45,check,0,true
SPOON-107_1,smt-64,check,0,false
GUAVA-197_1,smt-33,solve,569,UNSAT
GUAVA-197_1,smt-33,update,0,
FASTJSON-26_1,smt-232,solve,4557,SAT
FASTJSON-26_1,smt-161,check,13,false
GUAVA-197_1,smt-35,check,8,false
FASTJSON-26_1,smt-161,solve,142,UNSAT
FASTJSON-26_1,smt-161,update,0,
FASTJSON-26_1,smt-249,check,10,false
SPOON-151_1,smt-612,solve,5002,UNKNOWN
SPOON-151_1,smt-579,check,1,true
SPOON-151_1,smt-1067,check,1,true
SPOON-151_1,smt-766,check,2,true
SPOON-151_1,smt-699,check,2,true
SPOON-151_1,smt-108,check,4,false
SPOON-151_1,smt-108,solve,594,SAT
SPOON-151_1,smt-277,check,3,false
GUAVA-78_1,smt-145,solve,5005,UNKNOWN
FASTJSON-50_1,smt-179,solve,5004,UNKNOWN
FASTJSON-50_1,smt-114,check,0,false
FASTJSON-50_1,smt-114,solve,3,SAT
FASTJSON-50_1,smt-139,check,0,false
FASTJSON-50_1,smt-139,solve,3,SAT
FASTJSON-50_1,smt-10,check,0,false
FASTJSON-50_1,smt-10,solve,9,SAT
FASTJSON-50_1,smt-211,check,0,false
FASTJSON-50_1,smt-211,solve,4,UNSAT
FASTJSON-50_1,smt-211,update,0,
FASTJSON-50_1,smt-49,check,0,false
FASTJSON-50_1,smt-49,solve,3,SAT
FASTJSON-50_1,smt-83,check,0,false
FASTJSON-50_1,smt-83,solve,3,SAT
FASTJSON-50_1,smt-13,check,0,false
GUAVA-78_1,smt-131,check,0,false
FASTJSON-50_1,smt-13,solve,4,SAT
FASTJSON-50_1,smt-102,check,0,false
FASTJSON-50_1,smt-102,solve,8,SAT
FASTJSON-50_1,smt-17,check,0,false
FASTJSON-50_1,smt-17,solve,3,SAT
FASTJSON-50_1,smt-21,check,0,false
GUAVA-78_1,smt-131,solve,83,SAT
GUAVA-78_1,smt-65,check,0,false
FASTJSON-50_1,smt-21,solve,154,SAT
GUAVA-78_1,smt-65,solve,55,UNSAT
GUAVA-78_1,smt-65,update,0,
FASTJSON-50_1,smt-153,check,0,false
FASTJSON-50_1,smt-153,solve,3,SAT
GUAVA-78_1,smt-113,check,0,false
FASTJSON-50_1,smt-58,check,0,false
FASTJSON-50_1,smt-58,solve,6,SAT
FASTJSON-50_1,smt-51,check,0,false
FASTJSON-50_1,smt-51,solve,3,SAT
FASTJSON-50_1,smt-176,check,0,false
FASTJSON-50_1,smt-176,solve,5,SAT
FASTJSON-50_1,smt-186,check,0,false
SPOON-107_1,smt-64,solve,4507,SAT
FASTJSON-50_1,smt-186,solve,663,SAT
FASTJSON-19_1,smt-43,solve,5003,UNKNOWN
SPOON-107_1,smt-25,check,0,false
GUAVA-275_1,smt-45,solve,5003,UNKNOWN
SPOON-107_1,smt-25,solve,4,SAT
FASTJSON-50_1,smt-133,check,1,false
SPOON-107_1,smt-32,check,0,false
GUAVA-275_1,smt-64,check,0,false
GUAVA-275_1,smt-64,solve,6,UNSAT
GUAVA-275_1,smt-64,update,0,
FASTJSON-19_1,smt-47,check,0,true
GUAVA-275_1,smt-25,check,0,false
FASTJSON-19_1,smt-124,check,0,false
GUAVA-275_1,smt-25,solve,17,UNSAT
GUAVA-275_1,smt-25,update,0,
GUAVA-275_1,smt-32,check,0,true
GUAVA-275_1,smt-99,check,0,false
GUAVA-275_1,smt-99,solve,5,UNSAT
GUAVA-275_1,smt-99,update,0,
GUAVA-275_1,smt-43,check,0,false
GUAVA-275_1,smt-43,solve,8,SAT
GUAVA-275_1,smt-47,check,0,false
GUAVA-275_1,smt-47,solve,9,SAT
GUAVA-275_1,smt-116,check,0,false
GUAVA-275_1,smt-116,solve,4,UNSAT
GUAVA-275_1,smt-116,update,0,
GUAVA-275_1,smt-101,check,0,false
GUAVA-275_1,smt-101,solve,5,UNSAT
GUAVA-275_1,smt-101,update,0,
GUAVA-275_1,smt-30,check,0,false
GUAVA-275_1,smt-30,solve,6,UNSAT
GUAVA-275_1,smt-30,update,0,
GUAVA-275_1,smt-40,check,0,false
GUAVA-275_1,smt-40,solve,11,UNSAT
GUAVA-275_1,smt-40,update,0,
GUAVA-275_1,smt-111,check,0,false
GUAVA-275_1,smt-111,solve,15,SAT
GUAVA-275_1,smt-20,check,0,false
GUAVA-275_1,smt-20,solve,5,UNSAT
GUAVA-275_1,smt-20,update,0,
GUAVA-275_1,smt-74,check,0,true
GUAVA-275_1,smt-69,check,0,false
GUAVA-275_1,smt-69,solve,8,UNSAT
GUAVA-275_1,smt-69,update,0,
GUAVA-275_1,smt-3,check,0,false
GUAVA-275_1,smt-3,solve,5,SAT
GUAVA-275_1,smt-81,check,0,false
GUAVA-78_1,smt-113,solve,1721,SAT
GUAVA-275_1,smt-81,solve,9,UNSAT
GUAVA-275_1,smt-81,update,0,
GUAVA-275_1,smt-114,check,0,false
GUAVA-78_1,smt-54,check,0,false
GUAVA-275_1,smt-114,solve,98,UNSAT
GUAVA-275_1,smt-114,update,0,
GUAVA-78_1,smt-54,solve,66,SAT
GUAVA-275_1,smt-10,check,0,false
GUAVA-78_1,smt-55,check,0,false
GUAVA-275_1,smt-10,solve,5,SAT
GUAVA-275_1,smt-49,check,0,false
SPOON-107_1,smt-32,solve,1110,SAT
GUAVA-78_1,smt-55,solve,76,UNSAT
GUAVA-78_1,smt-55,update,0,
SPOON-107_1,smt-43,check,0,false
GUAVA-78_1,smt-109,check,0,false
GUAVA-78_1,smt-109,solve,130,SAT
GUAVA-78_1,smt-165,check,0,false
GUAVA-197_1,smt-35,solve,2872,SAT
GUAVA-78_1,smt-165,solve,269,SAT
GUAVA-78_1,smt-23,check,0,true
GUAVA-78_1,smt-77,check,0,false
FASTJSON-26_1,smt-249,solve,5002,UNKNOWN
FASTJSON-26_1,smt-267,check,12,false
GUAVA-78_1,smt-77,solve,151,SAT
SPOON-11_1,smt-1,check,0,false
FASTJSON-26_1,smt-267,solve,128,UNSAT
FASTJSON-26_1,smt-267,update,0,
GUAVA-197_1,smt-56,check,0,false
FASTJSON-26_1,smt-33,check,2,false
GUAVA-197_1,smt-56,solve,28,SAT
GUAVA-197_1,smt-28,check,0,false
GUAVA-197_1,smt-28,solve,4,SAT
FASTJSON-26_1,smt-33,solve,51,UNSAT
FASTJSON-26_1,smt-33,update,0,
FASTJSON-26_1,smt-73,check,7,false
GUAVA-197_1,smt-34,check,7,false
SPOON-151_1,smt-277,solve,5002,UNKNOWN
SPOON-151_1,smt-1181,check,1,true
SPOON-151_1,smt-431,check,7,true
SPOON-151_1,smt-196,check,0,true
SPOON-151_1,smt-743,check,0,true
SPOON-151_1,smt-443,check,1,true
SPOON-151_1,smt-205,check,1,true
SPOON-151_1,smt-428,check,0,true
SPOON-151_1,smt-878,check,0,true
SPOON-151_1,smt-163,check,0,true
SPOON-151_1,smt-22,check,2,false
FASTJSON-19_1,smt-124,solve,3293,SAT
SPOON-151_1,smt-22,solve,324,SAT
SPOON-151_1,smt-498,check,0,true
SPOON-151_1,smt-762,check,0,true
SPOON-151_1,smt-224,check,2,false
FASTJSON-19_1,smt-116,check,0,false
FASTJSON-19_1,smt-116,solve,12,SAT
FASTJSON-19_1,smt-101,check,0,false
SPOON-151_1,smt-224,solve,394,SAT
SPOON-151_1,smt-1065,check,2,true
SPOON-151_1,smt-388,check,0,true
SPOON-151_1,smt-1060,check,1,true
SPOON-151_1,smt-357,check,0,true
SPOON-151_1,smt-869,check,1,true
SPOON-151_1,smt-448,check,0,true
SPOON-151_1,smt-415,check,4,false
FASTJSON-50_1,smt-133,solve,5003,UNKNOWN
SPOON-151_1,smt-415,solve,890,SAT
FASTJSON-50_1,smt-206,check,0,false
SPOON-151_1,smt-275,check,1,true
FASTJSON-50_1,smt-206,solve,6,UNSAT
FASTJSON-50_1,smt-206,update,0,
SPOON-151_1,smt-940,check,1,true
FASTJSON-50_1,smt-71,check,1,false
SPOON-151_1,smt-399,check,4,false
FASTJSON-50_1,smt-71,solve,179,UNSAT
FASTJSON-50_1,smt-71,update,0,
SPOON-107_1,smt-43,solve,4548,SAT
FASTJSON-50_1,smt-26,check,0,false
SPOON-151_1,smt-399,solve,389,SAT
FASTJSON-50_1,smt-26,solve,3,SAT
FASTJSON-50_1,smt-118,check,0,false
SPOON-151_1,smt-649,check,0,true
SPOON-151_1,smt-454,check,5,false
FASTJSON-50_1,smt-118,solve,4,SAT
FASTJSON-50_1,smt-212,check,1,false
SPOON-107_1,smt-47,check,0,false
SPOON-107_1,smt-47,solve,20,UNSAT
SPOON-107_1,smt-47,update,0,
SPOON-107_1,smt-30,check,0,false
GUAVA-275_1,smt-49,solve,5003,UNKNOWN
FASTJSON-50_1,smt-212,solve,101,UNSAT
FASTJSON-50_1,smt-212,update,0,
FASTJSON-50_1,smt-137,check,0,false
FASTJSON-50_1,smt-137,solve,3,SAT
FASTJSON-50_1,smt-255,check,0,false
GUAVA-275_1,smt-83,check,0,false
FASTJSON-50_1,smt-255,solve,48,SAT
SPOON-107_1,smt-30,solve,266,SAT
GUAVA-275_1,smt-83,solve,4,UNSAT
GUAVA-275_1,smt-83,update,0,
GUAVA-275_1,smt-13,check,0,true
GUAVA-275_1,smt-102,check,0,false
SPOON-107_1,smt-40,check,0,false
FASTJSON-50_1,smt-239,check,1,false
GUAVA-275_1,smt-102,solve,3,SAT
GUAVA-275_1,smt-17,check,0,true
GUAVA-275_1,smt-21,check,0,false
GUAVA-275_1,smt-21,solve,8,SAT
GUAVA-275_1,smt-58,check,0,false
GUAVA-275_1,smt-58,solve,6,UNSAT
GUAVA-275_1,smt-58,update,0,
GUAVA-275_1,smt-51,check,0,false
GUAVA-275_1,smt-51,solve,7,UNSAT
GUAVA-275_1,smt-51,update,0,
GUAVA-275_1,smt-71,check,0,false
GUAVA-275_1,smt-71,solve,5,UNSAT
GUAVA-275_1,smt-71,update,0,
GUAVA-275_1,smt-26,check,0,false
GUAVA-275_1,smt-26,solve,7,SAT
GUAVA-275_1,smt-118,check,0,false
GUAVA-275_1,smt-118,solve,8,UNSAT
GUAVA-275_1,smt-118,update,0,
GUAVA-275_1,smt-110,check,0,false
GUAVA-197_1,smt-34,solve,2175,SAT
GUAVA-275_1,smt-110,solve,13,SAT
GUAVA-275_1,smt-52,check,0,false
GUAVA-275_1,smt-52,solve,15,SAT
GUAVA-275_1,smt-39,check,0,false
GUAVA-275_1,smt-39,solve,13,SAT
GUAVA-275_1,smt-46,check,0,false
GUAVA-275_1,smt-46,solve,13,SAT
GUAVA-275_1,smt-2,check,0,false
SPOON-151_1,smt-454,solve,987,SAT
GUAVA-275_1,smt-2,solve,7,SAT
GUAVA-275_1,smt-79,check,0,false
SPOON-151_1,smt-62,check,2,true
SPOON-151_1,smt-725,check,1,true
SPOON-151_1,smt-656,check,1,true
GUAVA-275_1,smt-79,solve,11,UNSAT
GUAVA-275_1,smt-79,update,0,
GUAVA-275_1,smt-8,check,0,false
SPOON-151_1,smt-705,check,1,true
GUAVA-275_1,smt-8,solve,6,SAT
GUAVA-275_1,smt-19,check,0,false
SPOON-151_1,smt-509,check,0,true
SPOON-151_1,smt-63,check,3,true
SPOON-151_1,smt-310,check,6,false
GUAVA-275_1,smt-19,solve,7,UNSAT
GUAVA-275_1,smt-19,update,0,
GUAVA-275_1,smt-95,check,0,false
GUAVA-275_1,smt-95,solve,9,UNSAT
GUAVA-275_1,smt-95,update,0,
GUAVA-275_1,smt-84,check,0,true
GUAVA-275_1,smt-78,check,0,true
GUAVA-275_1,smt-80,check,0,false
GUAVA-197_1,smt-11,check,0,false
GUAVA-197_1,smt-11,solve,4,SAT
GUAVA-275_1,smt-80,solve,7,UNSAT
GUAVA-275_1,smt-80,update,0,
GUAVA-275_1,smt-115,check,0,false
SPOON-151_1,smt-310,solve,39,UNSAT
SPOON-151_1,smt-310,update,0,
GUAVA-275_1,smt-115,solve,3,UNSAT
GUAVA-275_1,smt-115,update,0,
GUAVA-197_1,smt-50,check,2,false
GUAVA-275_1,smt-33,check,0,false
SPOON-151_1,smt-831,check,2,true
GUAVA-275_1,smt-33,solve,12,SAT
GUAVA-275_1,smt-73,check,0,false
SPOON-151_1,smt-294,check,0,true
SPOON-151_1,smt-860,check,1,true
GUAVA-275_1,smt-73,solve,12,UNSAT
GUAVA-275_1,smt-73,update,0,
GUAVA-275_1,smt-105,check,0,true
SPOON-151_1,smt-119,check,0,true
GUAVA-275_1,smt-117,check,0,false
SPOON-151_1,smt-41,check,1,true
SPOON-151_1,smt-478,check,1,true
SPOON-151_1,smt-1114,check,0,true
GUAVA-275_1,smt-117,solve,15,UNSAT
GUAVA-275_1,smt-117,update,0,
SPOON-151_1,smt-645,check,7,false
GUAVA-275_1,smt-107,check,0,false
GUAVA-275_1,smt-107,solve,8,SAT
GUAVA-275_1,smt-93,check,0,false
SPOON-107_1,smt-40,solve,1175,SAT
GUAVA-275_1,smt-93,solve,4,UNSAT
GUAVA-275_1,smt-93,update,0,
GUAVA-275_1,smt-70,check,1,false
SPOON-107_1,smt-20,check,0,true
SPOON-107_1,smt-74,check,0,false
FASTJSON-26_1,smt-73,solve,5003,UNKNOWN
FASTJSON-26_1,smt-105,check,11,false
FASTJSON-26_1,smt-105,solve,108,UNSAT
FASTJSON-26_1,smt-105,update,0,
GUAVA-275_1,smt-70,solve,558,UNSAT
GUAVA-275_1,smt-70,update,0,
FASTJSON-26_1,smt-117,check,2,false
GUAVA-275_1,smt-96,check,0,false
SPOON-11_1,smt-1,solve,5007,UNKNOWN
GUAVA-275_1,smt-96,solve,6,UNSAT
GUAVA-275_1,smt-96,update,0,
GUAVA-275_1,smt-91,check,0,true
GUAVA-275_1,smt-35,check,0,false
GUAVA-275_1,smt-35,solve,10,UNSAT
GUAVA-275_1,smt-35,update,0,
GUAVA-275_1,smt-98,check,0,false
GUAVA-275_1,smt-98,solve,5,UNSAT
GUAVA-275_1,smt-98,update,0,
FASTJSON-26_1,smt-117,solve,152,SAT
GUAVA-275_1,smt-56,check,0,false
FASTJSON-26_1,smt-152,check,9,false
GUAVA-275_1,smt-56,solve,21,SAT
GUAVA-275_1,smt-28,check,0,false
GUAVA-275_1,smt-28,solve,5,UNSAT
GUAVA-275_1,smt-28,update,0,
GUAVA-275_1,smt-34,check,0,false
SPOON-151_1,smt-645,solve,978,SAT
GUAVA-275_1,smt-34,solve,6,UNSAT
GUAVA-275_1,smt-34,update,0,
GUAVA-275_1,smt-68,check,0,false
SPOON-151_1,smt-1185,check,0,true
SPOON-151_1,smt-621,check,1,true
GUAVA-275_1,smt-68,solve,10,UNSAT
GUAVA-275_1,smt-68,update,0,
SPOON-151_1,smt-1142,check,0,true
GUAVA-275_1,smt-11,check,0,true
GUAVA-275_1,smt-50,check,0,false
SPOON-151_1,smt-348,check,0,true
SPOON-151_1,smt-986,check,4,false
GUAVA-275_1,smt-50,solve,12,SAT
GUAVA-275_1,smt-44,check,0,false
GUAVA-275_1,smt-44,solve,8,UNSAT
GUAVA-275_1,smt-44,update,0,
GUAVA-275_1,smt-16,check,0,false
FASTJSON-19_1,smt-101,solve,5002,UNKNOWN
FASTJSON-26_1,smt-152,solve,127,UNSAT
FASTJSON-26_1,smt-152,update,0,
GUAVA-275_1,smt-16,solve,9,SAT
GUAVA-275_1,smt-94,check,0,false
FASTJSON-19_1,smt-30,check,0,false
GUAVA-275_1,smt-94,solve,7,SAT
FASTJSON-26_1,smt-236,check,7,false
GUAVA-275_1,smt-9,check,0,false
FASTJSON-19_1,smt-30,solve,3,SAT
SPOON-107_1,smt-74,solve,1251,SAT
GUAVA-275_1,smt-9,solve,4,SAT
FASTJSON-19_1,smt-138,check,0,false
GUAVA-275_1,smt-12,check,0,false
SPOON-107_1,smt-69,check,0,false
GUAVA-275_1,smt-12,solve,3,SAT
GUAVA-275_1,smt-61,check,0,false
GUAVA-275_1,smt-61,solve,8,UNSAT
GUAVA-275_1,smt-61,update,0,
GUAVA-275_1,smt-108,check,0,false
GUAVA-275_1,smt-108,solve,4,SAT
GUAVA-275_1,smt-22,check,0,false
GUAVA-275_1,smt-22,solve,6,UNSAT
GUAVA-275_1,smt-22,update,0,
GUAVA-275_1,smt-62,check,0,false
FASTJSON-19_1,smt-138,solve,65,UNSAT
FASTJSON-19_1,smt-138,update,0,
FASTJSON-19_1,smt-40,check,0,false
GUAVA-275_1,smt-62,solve,9,UNSAT
GUAVA-275_1,smt-62,update,0,
FASTJSON-19_1,smt-40,solve,11,SAT
GUAVA-275_1,smt-63,check,0,false
SPOON-11_1,smt-7,check,0,false
FASTJSON-26_1,smt-236,solve,90,UNSAT
FASTJSON-19_1,smt-111,check,0,true
FASTJSON-26_1,smt-236,update,0,
GUAVA-275_1,smt-63,solve,9,UNSAT
GUAVA-275_1,smt-63,update,0,
GUAVA-275_1,smt-119,check,0,false
FASTJSON-19_1,smt-20,check,0,false
SPOON-107_1,smt-69,solve,237,SAT
GUAVA-197_1,smt-50,solve,954,SAT
GUAVA-275_1,smt-119,solve,2,SAT
GUAVA-275_1,smt-41,check,0,false
SPOON-107_1,smt-3,check,0,false
FASTJSON-26_1,smt-188,check,12,false
GUAVA-275_1,smt-41,solve,8,UNSAT
GUAVA-275_1,smt-41,update,0,
GUAVA-275_1,smt-72,check,0,false
SPOON-107_1,smt-3,solve,36,SAT
SPOON-107_1,smt-81,check,0,false
GUAVA-275_1,smt-72,solve,11,UNSAT
GUAVA-275_1,smt-72,update,0,
GUAVA-275_1,smt-112,check,0,false
SPOON-107_1,smt-81,solve,20,UNSAT
SPOON-107_1,smt-81,update,0,
SPOON-107_1,smt-10,check,0,false
GUAVA-275_1,smt-112,solve,87,UNSAT
GUAVA-275_1,smt-112,update,0,
GUAVA-275_1,smt-6,check,0,false
FASTJSON-26_1,smt-188,solve,159,UNSAT
FASTJSON-26_1,smt-188,update,0,
GUAVA-275_1,smt-6,solve,13,SAT
GUAVA-275_1,smt-103,check,0,false
GUAVA-197_1,smt-44,check,10,false
GUAVA-275_1,smt-103,solve,3,SAT
GUAVA-275_1,smt-29,check,0,false
FASTJSON-19_1,smt-20,solve,301,UNSAT
FASTJSON-19_1,smt-20,update,0,
GUAVA-275_1,smt-29,solve,12,SAT
GUAVA-275_1,smt-5,check,0,false
FASTJSON-26_1,smt-172,check,3,true
FASTJSON-26_1,smt-107,check,1,false
GUAVA-275_1,smt-5,solve,3,SAT
GUAVA-275_1,smt-86,check,0,false
FASTJSON-19_1,smt-74,check,0,false
GUAVA-275_1,smt-86,solve,12,UNSAT
GUAVA-275_1,smt-86,update,0,
GUAVA-275_1,smt-106,check,0,false
FASTJSON-26_1,smt-107,solve,67,SAT
GUAVA-275_1,smt-106,solve,4,SAT
GUAVA-275_1,smt-15,check,0,false
GUAVA-275_1,smt-15,solve,6,SAT
GUAVA-275_1,smt-14,check,0,false
FASTJSON-26_1,smt-155,check,8,false
GUAVA-275_1,smt-14,solve,9,SAT
GUAVA-275_1,smt-65,check,0,false
GUAVA-275_1,smt-65,solve,17,SAT
GUAVA-275_1,smt-113,check,0,false
GUAVA-275_1,smt-113,solve,9,UNSAT
GUAVA-275_1,smt-113,update,0,
GUAVA-275_1,smt-54,check,0,false
SPOON-107_1,smt-10,solve,671,SAT
GUAVA-275_1,smt-54,solve,8,UNSAT
GUAVA-275_1,smt-54,update,0,
GUAVA-275_1,smt-55,check,0,false
SPOON-107_1,smt-49,check,0,false
FASTJSON-26_1,smt-155,solve,85,UNSAT
FASTJSON-26_1,smt-155,update,0,
FASTJSON-26_1,smt-241,check,9,false
FASTJSON-19_1,smt-74,solve,287,UNSAT
FASTJSON-19_1,smt-74,update,0,
FASTJSON-19_1,smt-69,check,0,false
FASTJSON-19_1,smt-69,solve,14,SAT
FASTJSON-19_1,smt-3,check,0,true
FASTJSON-19_1,smt-81,check,0,false
SPOON-11_1,smt-7,solve,683,SAT
SPOON-107_1,smt-49,solve,617,SAT
SPOON-107_1,smt-83,check,0,false
SPOON-107_1,smt-83,solve,21,UNSAT
SPOON-107_1,smt-83,update,0,
SPOON-107_1,smt-13,check,0,false
GUAVA-275_1,smt-55,solve,921,UNSAT
GUAVA-275_1,smt-55,update,0,
SPOON-11_1,smt-4,check,0,false
GUAVA-275_1,smt-109,check,0,false
GUAVA-275_1,smt-109,solve,3,SAT
GUAVA-275_1,smt-23,check,0,true
GUAVA-275_1,smt-77,check,0,false
SPOON-107_1,smt-13,solve,157,SAT
SPOON-107_1,smt-17,check,0,false
FASTJSON-50_1,smt-239,solve,5002,UNKNOWN
FASTJSON-50_1,smt-203,check,0,false
FASTJSON-50_1,smt-203,solve,5,SAT
FASTJSON-50_1,smt-130,check,0,false
FASTJSON-50_1,smt-130,solve,3,SAT
FASTJSON-50_1,smt-209,check,3,false
SPOON-107_1,smt-17,solve,667,SAT
SPOON-107_1,smt-21,check,0,false
SPOON-107_1,smt-21,solve,61,SAT
SPOON-107_1,smt-58,check,0,false
SPOON-151_1,smt-986,solve,5003,UNKNOWN
SPOON-151_1,smt-965,check,10,false
FASTJSON-19_1,smt-81,solve,3788,SAT
GUAVA-197_1,smt-44,solve,2092,UNSAT
GUAVA-197_1,smt-44,update,0,
FASTJSON-19_1,smt-114,check,0,false
SPOON-151_1,smt-965,solve,754,SAT
FASTJSON-19_1,smt-114,solve,21,SAT
FASTJSON-19_1,smt-139,check,0,false
SPOON-151_1,smt-885,check,1,true
SPOON-151_1,smt-1168,check,1,true
SPOON-151_1,smt-444,check,1,true
FASTJSON-19_1,smt-139,solve,14,SAT
SPOON-151_1,smt-194,check,8,false
FASTJSON-19_1,smt-10,check,0,false
GUAVA-197_1,smt-16,check,0,false
GUAVA-197_1,smt-16,solve,11,SAT
GUAVA-197_1,smt-9,check,0,false
FASTJSON-19_1,smt-10,solve,222,UNSAT
FASTJSON-19_1,smt-10,update,0,
GUAVA-197_1,smt-9,solve,10,SAT
GUAVA-197_1,smt-12,check,0,false
GUAVA-197_1,smt-12,solve,2,SAT
FASTJSON-19_1,smt-49,check,0,false
FASTJSON-19_1,smt-49,solve,8,SAT
FASTJSON-19_1,smt-83,check,0,false
GUAVA-197_1,smt-61,check,2,false
FASTJSON-19_1,smt-83,solve,13,SAT
FASTJSON-19_1,smt-13,check,0,false
FASTJSON-19_1,smt-13,solve,4,UNSAT
FASTJSON-19_1,smt-13,update,0,
FASTJSON-19_1,smt-102,check,0,false
FASTJSON-26_1,smt-241,solve,5004,UNKNOWN
FASTJSON-19_1,smt-102,solve,16,UNSAT
FASTJSON-19_1,smt-102,update,0,
FASTJSON-26_1,smt-93,check,10,false
FASTJSON-19_1,smt-17,check,0,false
FASTJSON-26_1,smt-93,solve,150,UNSAT
FASTJSON-26_1,smt-93,update,0,
FASTJSON-26_1,smt-70,check,7,true
FASTJSON-26_1,smt-265,check,15,false
GUAVA-275_1,smt-77,solve,5007,UNKNOWN
FASTJSON-26_1,smt-265,solve,116,UNSAT
FASTJSON-26_1,smt-265,update,0,
FASTJSON-26_1,smt-261,check,1,false
FASTJSON-32_1,smt-57,check,0,false
FASTJSON-26_1,smt-261,solve,86,SAT
FASTJSON-26_1,smt-96,check,12,false
FASTJSON-19_1,smt-17,solve,1208,SAT
FASTJSON-50_1,smt-209,solve,5003,UNKNOWN
FASTJSON-26_1,smt-96,solve,94,UNSAT
FASTJSON-26_1,smt-96,update,0,
FASTJSON-19_1,smt-21,check,0,true
FASTJSON-50_1,smt-148,check,0,false
FASTJSON-19_1,smt-58,check,0,false
FASTJSON-19_1,smt-58,solve,9,SAT
FASTJSON-19_1,smt-51,check,0,false
SPOON-11_1,smt-4,solve,5012,UNKNOWN
FASTJSON-26_1,smt-231,check,14,false
FASTJSON-19_1,smt-51,solve,18,SAT
FASTJSON-19_1,smt-133,check,0,false
SPOON-107_1,smt-58,solve,5006,UNKNOWN
FASTJSON-19_1,smt-133,solve,49,UNSAT
FASTJSON-19_1,smt-133,update,0,
FASTJSON-19_1,smt-71,check,0,false
SPOON-107_1,smt-51,check,0,false
FASTJSON-50_1,smt-148,solve,519,SAT
GUAVA-197_1,smt-61,solve,963,SAT
FASTJSON-50_1,smt-253,check,2,false
SPOON-107_1,smt-51,solve,317,SAT
SPOON-107_1,smt-71,check,0,false
FASTJSON-19_1,smt-71,solve,312,UNSAT
FASTJSON-19_1,smt-71,update,0,
GUAVA-197_1,smt-22,check,0,false
GUAVA-197_1,smt-22,solve,3,SAT
FASTJSON-19_1,smt-26,check,0,true
FASTJSON-19_1,smt-118,check,0,false
GUAVA-197_1,smt-62,check,7,false
SPOON-11_1,smt-3,check,0,false
SPOON-151_1,smt-194,solve,5002,UNKNOWN
SPOON-151_1,smt-72,check,0,true
SPOON-151_1,smt-455,check,0,true
SPOON-151_1,smt-260,check,3,false
SPOON-151_1,smt-260,solve,29,UNSAT
SPOON-151_1,smt-260,update,0,
SPOON-151_1,smt-759,check,0,true
SPOON-151_1,smt-136,check,7,true
SPOON-151_1,smt-166,check,0,true
SPOON-151_1,smt-296,check,0,true
SPOON-151_1,smt-1124,check,0,true
SPOON-151_1,smt-863,check,0,true
SPOON-151_1,smt-658,check,0,true
SPOON-151_1,smt-140,check,0,true
SPOON-151_1,smt-569,check,0,true
SPOON-151_1,smt-975,check,6,false
SPOON-151_1,smt-975,solve,457,SAT
SPOON-151_1,smt-157,check,0,true
SPOON-151_1,smt-777,check,2,true
SPOON-151_1,smt-1037,check,0,true
SPOON-151_1,smt-299,check,8,false
FASTJSON-19_1,smt-118,solve,3120,SAT
FASTJSON-19_1,smt-137,check,0,false
FASTJSON-19_1,smt-137,solve,53,UNSAT
FASTJSON-19_1,smt-137,update,0,
FASTJSON-19_1,smt-130,check,1,false
FASTJSON-50_1,smt-253,solve,3920,SAT
FASTJSON-32_1,smt-57,solve,5003,UNKNOWN
FASTJSON-19_1,smt-130,solve,103,UNSAT
FASTJSON-19_1,smt-130,update,0,
FASTJSON-19_1,smt-110,check,0,false
FASTJSON-32_1,smt-90,check,0,false
FASTJSON-50_1,smt-269,check,2,true
FASTJSON-50_1,smt-159,check,0,false
FASTJSON-50_1,smt-159,solve,6,SAT
FASTJSON-50_1,smt-110,check,0,false
FASTJSON-50_1,smt-110,solve,4,SAT
FASTJSON-50_1,smt-219,check,0,true
FASTJSON-50_1,smt-52,check,0,false
FASTJSON-50_1,smt-52,solve,4,SAT
FASTJSON-50_1,smt-39,check,0,false
FASTJSON-19_1,smt-110,solve,78,UNSAT
FASTJSON-19_1,smt-110,update,0,
FASTJSON-19_1,smt-52,check,0,true
FASTJSON-19_1,smt-39,check,0,false
FASTJSON-26_1,smt-231,solve,5002,UNKNOWN
SPOON-107_1,smt-71,solve,4507,SAT
FASTJSON-26_1,smt-91,check,17,false
SPOON-107_1,smt-26,check,0,false
SPOON-107_1,smt-26,solve,3,SAT
SPOON-107_1,smt-52,check,0,false
FASTJSON-32_1,smt-90,solve,226,UNSAT
FASTJSON-32_1,smt-90,update,0,
FASTJSON-32_1,smt-37,check,0,false
FASTJSON-26_1,smt-91,solve,95,UNSAT
FASTJSON-26_1,smt-91,update,0,
FASTJSON-26_1,smt-247,check,13,false
FASTJSON-50_1,smt-39,solve,648,SAT
FASTJSON-50_1,smt-46,check,0,false
FASTJSON-32_1,smt-37,solve,193,UNSAT
FASTJSON-32_1,smt-37,update,0,
FASTJSON-50_1,smt-46,solve,271,SAT
FASTJSON-50_1,smt-2,check,0,false
FASTJSON-32_1,smt-1,check,0,false
FASTJSON-50_1,smt-2,solve,2,SAT
FASTJSON-50_1,smt-187,check,3,false
GUAVA-197_1,smt-62,solve,2828,SAT
FASTJSON-26_1,smt-247,solve,206,UNSAT
FASTJSON-26_1,smt-247,update,0,
FASTJSON-26_1,smt-258,check,24,false
FASTJSON-50_1,smt-187,solve,137,UNSAT
FASTJSON-50_1,smt-187,update,0,
FASTJSON-50_1,smt-123,check,0,false
FASTJSON-50_1,smt-123,solve,4,SAT
SPOON-107_1,smt-52,solve,1228,SAT
FASTJSON-50_1,smt-79,check,0,false
FASTJSON-32_1,smt-1,solve,225,UNSAT
FASTJSON-32_1,smt-1,update,0,
SPOON-107_1,smt-39,check,0,false
FASTJSON-32_1,smt-87,check,0,false
SPOON-11_1,smt-3,solve,5008,UNKNOWN
FASTJSON-26_1,smt-258,solve,183,UNSAT
FASTJSON-26_1,smt-258,update,0,
SPOON-107_1,smt-39,solve,21,UNSAT
SPOON-107_1,smt-39,update,0,
SPOON-107_1,smt-46,check,0,false
FASTJSON-26_1,smt-35,check,3,false
GUAVA-197_1,smt-41,check,6,false
FASTJSON-50_1,smt-79,solve,289,SAT
FASTJSON-50_1,smt-8,check,0,false
FASTJSON-26_1,smt-35,solve,61,UNSAT
FASTJSON-26_1,smt-35,update,0,
FASTJSON-26_1,smt-98,check,1,false
SPOON-107_1,smt-46,solve,218,SAT
SPOON-107_1,smt-2,check,0,false
FASTJSON-26_1,smt-98,solve,55,SAT
FASTJSON-26_1,smt-56,check,11,false
FASTJSON-32_1,smt-87,solve,235,UNSAT
FASTJSON-32_1,smt-87,update,0,
FASTJSON-19_1,smt-39,solve,2175,SAT
FASTJSON-32_1,smt-31,check,1,false
FASTJSON-19_1,smt-46,check,0,true
FASTJSON-19_1,smt-2,check,0,false
FASTJSON-19_1,smt-2,solve,4,SAT
FASTJSON-19_1,smt-123,check,1,false
SPOON-107_1,smt-2,solve,389,SAT
FASTJSON-50_1,smt-8,solve,526,SAT
FASTJSON-50_1,smt-214,check,0,false
SPOON-107_1,smt-79,check,0,false
FASTJSON-50_1,smt-214,solve,76,SAT
FASTJSON-50_1,smt-122,check,0,false
FASTJSON-50_1,smt-122,solve,3,SAT
FASTJSON-19_1,smt-123,solve,71,UNSAT
FASTJSON-19_1,smt-123,update,0,
FASTJSON-50_1,smt-19,check,0,false
SPOON-11_1,smt-10,check,0,false
FASTJSON-19_1,smt-79,check,0,false
FASTJSON-26_1,smt-56,solve,246,UNSAT
FASTJSON-26_1,smt-56,update,0,
FASTJSON-26_1,smt-28,check,5,false
FASTJSON-32_1,smt-31,solve,198,UNSAT
FASTJSON-32_1,smt-31,update,0,
FASTJSON-50_1,smt-19,solve,112,SAT
FASTJSON-32_1,smt-89,check,0,false
FASTJSON-50_1,smt-229,check,2,true
FASTJSON-50_1,smt-149,check,0,false
FASTJSON-50_1,smt-149,solve,3,SAT
FASTJSON-50_1,smt-95,check,0,false
FASTJSON-26_1,smt-28,solve,89,UNSAT
FASTJSON-26_1,smt-28,update,0,
FASTJSON-26_1,smt-129,check,13,false
FASTJSON-50_1,smt-95,solve,219,SAT
FASTJSON-50_1,smt-84,check,0,false
FASTJSON-50_1,smt-84,solve,3,SAT
FASTJSON-50_1,smt-78,check,0,false
FASTJSON-50_1,smt-78,solve,4,SAT
FASTJSON-50_1,smt-251,check,1,false
FASTJSON-32_1,smt-89,solve,180,UNSAT
FASTJSON-32_1,smt-89,update,0,
FASTJSON-32_1,smt-53,check,0,false
FASTJSON-26_1,smt-129,solve,109,UNSAT
FASTJSON-26_1,smt-129,update,0,
FASTJSON-26_1,smt-180,check,14,false
SPOON-11_1,smt-10,solve,469,SAT
FASTJSON-26_1,smt-180,solve,116,UNSAT
FASTJSON-26_1,smt-180,update,0,
FASTJSON-32_1,smt-53,solve,158,UNSAT
FASTJSON-32_1,smt-53,update,0,
SPOON-151_1,smt-299,solve,5002,UNKNOWN
FASTJSON-26_1,smt-34,check,6,true
SPOON-151_1,smt-1083,check,8,false
FASTJSON-26_1,smt-208,check,1,false
FASTJSON-32_1,smt-7,check,1,false
SPOON-11_1,smt-13,check,0,false
FASTJSON-26_1,smt-208,solve,57,SAT
FASTJSON-26_1,smt-244,check,13,false
SPOON-151_1,smt-1083,solve,66,UNSAT
SPOON-151_1,smt-1083,update,0,
SPOON-151_1,smt-783,check,1,true
SPOON-151_1,smt-945,check,2,true
SPOON-151_1,smt-797,check,1,true
SPOON-151_1,smt-895,check,0,true
SPOON-151_1,smt-857,check,0,true
SPOON-151_1,smt-841,check,1,true
SPOON-151_1,smt-754,check,0,true
SPOON-151_1,smt-791,check,2,true
SPOON-151_1,smt-451,check,2,true
SPOON-151_1,smt-293,check,0,true
SPOON-151_1,smt-556,check,0,true
SPOON-151_1,smt-423,check,1,true
SPOON-151_1,smt-434,check,0,true
SPOON-151_1,smt-352,check,0,true
SPOON-151_1,smt-461,check,0,true
SPOON-151_1,smt-462,check,1,true
SPOON-151_1,smt-636,check,0,true
SPOON-151_1,smt-677,check,0,true
SPOON-151_1,smt-969,check,1,true
SPOON-151_1,smt-751,check,0,true
SPOON-151_1,smt-689,check,1,true
SPOON-151_1,smt-1051,check,1,true
SPOON-151_1,smt-1024,check,4,false
GUAVA-197_1,smt-41,solve,1314,UNSAT
GUAVA-197_1,smt-41,update,0,
SPOON-151_1,smt-1024,solve,133,UNSAT
SPOON-151_1,smt-1024,update,0,
SPOON-151_1,smt-409,check,0,true
SPOON-151_1,smt-901,check,1,true
SPOON-151_1,smt-933,check,0,true
SPOON-151_1,smt-523,check,1,true
SPOON-151_1,smt-678,check,3,false
GUAVA-197_1,smt-6,check,0,false
GUAVA-197_1,smt-6,solve,2,SAT
GUAVA-197_1,smt-29,check,0,false
GUAVA-197_1,smt-29,solve,3,SAT
GUAVA-197_1,smt-5,check,0,false
GUAVA-197_1,smt-5,solve,15,SAT
GUAVA-197_1,smt-15,check,0,false
FASTJSON-50_1,smt-251,solve,2078,SAT
SPOON-151_1,smt-678,solve,309,SAT
GUAVA-197_1,smt-15,solve,11,SAT
GUAVA-197_1,smt-14,check,0,false
SPOON-151_1,smt-1070,check,5,false
GUAVA-197_1,smt-14,solve,4,SAT
GUAVA-197_1,smt-54,check,0,false
FASTJSON-50_1,smt-164,check,4,false
FASTJSON-19_1,smt-79,solve,3191,SAT
SPOON-11_1,smt-13,solve,831,SAT
FASTJSON-50_1,smt-164,solve,163,UNSAT
FASTJSON-50_1,smt-164,update,0,
FASTJSON-19_1,smt-8,check,0,false
SPOON-151_1,smt-1070,solve,484,SAT
FASTJSON-50_1,smt-151,check,1,false
SPOON-151_1,smt-599,check,2,true
SPOON-151_1,smt-334,check,0,true
SPOON-151_1,smt-1038,check,5,false
GUAVA-197_1,smt-54,solve,254,UNSAT
GUAVA-197_1,smt-54,update,0,
GUAVA-197_1,smt-55,check,4,false
FASTJSON-19_1,smt-8,solve,664,SAT
FASTJSON-19_1,smt-122,check,0,false
FASTJSON-19_1,smt-122,solve,24,SAT
FASTJSON-19_1,smt-19,check,0,false
FASTJSON-19_1,smt-19,solve,7,SAT
FASTJSON-19_1,smt-95,check,0,false
SPOON-151_1,smt-1038,solve,770,SAT
SPOON-151_1,smt-1171,check,0,true
SPOON-151_1,smt-966,check,0,true
SPOON-151_1,smt-457,check,5,false
SPOON-107_1,smt-79,solve,5151,UNKNOWN
SPOON-107_1,smt-8,check,0,false
SPOON-107_1,smt-8,solve,118,SAT
SPOON-107_1,smt-19,check,0,false
SPOON-151_1,smt-457,solve,609,SAT
SPOON-151_1,smt-685,check,2,false
SPOON-107_1,smt-19,solve,560,SAT
SPOON-107_1,smt-84,check,0,false
SPOON-151_1,smt-685,solve,559,SAT
SPOON-151_1,smt-767,check,2,true
SPOON-151_1,smt-530,check,0,true
SPOON-151_1,smt-1150,check,0,true
SPOON-151_1,smt-473,check,5,false
FASTJSON-32_1,smt-7,solve,5005,UNKNOWN
FASTJSON-26_1,smt-244,solve,5003,UNKNOWN
FASTJSON-32_1,smt-27,check,0,false
FASTJSON-26_1,smt-201,check,1,false
FASTJSON-26_1,smt-201,solve,81,SAT
FASTJSON-26_1,smt-169,check,11,false
SPOON-11_1,smt-2,check,0,false
GUAVA-197_1,smt-55,solve,1546,SAT
FASTJSON-32_1,smt-27,solve,214,UNSAT
FASTJSON-32_1,smt-27,update,0,
FASTJSON-26_1,smt-169,solve,136,UNSAT
FASTJSON-26_1,smt-169,update,0,
FASTJSON-32_1,smt-75,check,1,false
FASTJSON-26_1,smt-68,check,11,false
GUAVA-197_1,smt-23,check,0,false
GUAVA-197_1,smt-23,solve,3,UNSAT
GUAVA-197_1,smt-23,update,0,
GUAVA-153_1,smt-37,check,0,false
GUAVA-153_1,smt-37,solve,4,SAT
GUAVA-153_1,smt-1,check,0,false
GUAVA-153_1,smt-1,solve,3,SAT
GUAVA-153_1,smt-31,check,0,false
GUAVA-153_1,smt-31,solve,5,SAT
GUAVA-153_1,smt-7,check,0,false
GUAVA-153_1,smt-7,solve,4,SAT
GUAVA-153_1,smt-27,check,0,false
FASTJSON-26_1,smt-68,solve,92,UNSAT
FASTJSON-26_1,smt-68,update,0,
GUAVA-153_1,smt-27,solve,3,SAT
FASTJSON-26_1,smt-160,check,14,false
FASTJSON-32_1,smt-75,solve,221,UNSAT
FASTJSON-32_1,smt-75,update,0,
FASTJSON-32_1,smt-67,check,1,false
FASTJSON-19_1,smt-95,solve,3486,SAT
FASTJSON-26_1,smt-160,solve,190,UNSAT
FASTJSON-26_1,smt-160,update,0,
FASTJSON-19_1,smt-84,check,0,false
FASTJSON-26_1,smt-11,check,0,false
FASTJSON-26_1,smt-11,solve,4,SAT
GUAVA-153_1,smt-48,check,0,false
FASTJSON-19_1,smt-84,solve,22,SAT
FASTJSON-26_1,smt-50,check,8,false
FASTJSON-19_1,smt-78,check,0,false
FASTJSON-32_1,smt-67,solve,174,UNSAT
FASTJSON-32_1,smt-67,update,0,
FASTJSON-19_1,smt-78,solve,17,SAT
FASTJSON-19_1,smt-80,check,0,false
FASTJSON-32_1,smt-88,check,2,false
FASTJSON-19_1,smt-80,solve,13,SAT
FASTJSON-19_1,smt-115,check,0,false
FASTJSON-50_1,smt-151,solve,5002,UNKNOWN
FASTJSON-50_1,smt-80,check,0,false
FASTJSON-50_1,smt-80,solve,4,SAT
FASTJSON-50_1,smt-115,check,0,false
FASTJSON-50_1,smt-115,solve,3,SAT
FASTJSON-50_1,smt-197,check,3,false
FASTJSON-32_1,smt-88,solve,170,UNSAT
FASTJSON-32_1,smt-88,update,0,
FASTJSON-32_1,smt-48,check,2,false
FASTJSON-50_1,smt-197,solve,125,UNSAT
FASTJSON-50_1,smt-197,update,0,
FASTJSON-50_1,smt-242,check,3,false
FASTJSON-32_1,smt-48,solve,157,UNSAT
FASTJSON-32_1,smt-48,update,0,
FASTJSON-32_1,smt-18,check,1,false
FASTJSON-26_1,smt-50,solve,1064,SAT
FASTJSON-26_1,smt-217,check,19,false
SPOON-107_1,smt-84,solve,4445,SAT
SPOON-107_1,smt-78,check,0,false
FASTJSON-26_1,smt-217,solve,957,SAT
FASTJSON-26_1,smt-44,check,0,false
FASTJSON-26_1,smt-44,solve,4,SAT
FASTJSON-26_1,smt-263,check,7,false
FASTJSON-50_1,smt-242,solve,1684,SAT
SPOON-151_1,smt-473,solve,5002,UNKNOWN
SPOON-151_1,smt-373,check,1,true
SPOON-151_1,smt-1170,check,0,true
FASTJSON-26_1,smt-263,solve,28,UNSAT
FASTJSON-26_1,smt-263,update,0,
SPOON-151_1,smt-799,check,2,true
FASTJSON-26_1,smt-16,check,5,false
SPOON-151_1,smt-350,check,11,true
FASTJSON-50_1,smt-232,check,0,false
SPOON-151_1,smt-112,check,9,false
FASTJSON-50_1,smt-232,solve,9,SAT
FASTJSON-26_1,smt-16,solve,105,UNSAT
FASTJSON-26_1,smt-16,update,2,
FASTJSON-50_1,smt-161,check,1,false
FASTJSON-26_1,smt-146,check,0,false
FASTJSON-26_1,smt-146,solve,5,SAT
FASTJSON-26_1,smt-226,check,12,true
FASTJSON-26_1,smt-125,check,14,false
FASTJSON-26_1,smt-125,solve,101,UNSAT
FASTJSON-26_1,smt-125,update,0,
FASTJSON-26_1,smt-240,check,9,false
FASTJSON-19_1,smt-115,solve,3774,SAT
FASTJSON-19_1,smt-33,check,0,false
FASTJSON-19_1,smt-33,solve,5,SAT
FASTJSON-19_1,smt-73,check,1,false
FASTJSON-32_1,smt-18,solve,5002,UNKNOWN
FASTJSON-32_1,smt-92,check,1,false
FASTJSON-32_1,smt-92,solve,150,UNSAT
FASTJSON-32_1,smt-92,update,0,
FASTJSON-32_1,smt-100,check,2,false
SPOON-107_1,smt-78,solve,5005,UNKNOWN
SPOON-107_1,smt-80,check,0,false
FASTJSON-32_1,smt-100,solve,158,UNSAT
FASTJSON-32_1,smt-100,update,0,
FASTJSON-32_1,smt-59,check,1,false
FASTJSON-32_1,smt-59,solve,124,UNSAT
FASTJSON-32_1,smt-59,update,0,
FASTJSON-32_1,smt-42,check,3,false
SPOON-151_1,smt-112,solve,5003,UNKNOWN
SPOON-151_1,smt-668,check,0,true
SPOON-151_1,smt-292,check,6,false
FASTJSON-50_1,smt-161,solve,5002,UNKNOWN
FASTJSON-50_1,smt-249,check,2,true
FASTJSON-50_1,smt-267,check,1,false
FASTJSON-32_1,smt-42,solve,149,UNSAT
FASTJSON-32_1,smt-42,update,0,
FASTJSON-32_1,smt-82,check,4,false
SPOON-151_1,smt-292,solve,404,SAT
SPOON-151_1,smt-6,check,0,false
SPOON-151_1,smt-6,solve,17,UNSAT
SPOON-151_1,smt-6,update,0,
SPOON-151_1,smt-103,check,1,false
FASTJSON-26_1,smt-240,solve,5002,UNKNOWN
FASTJSON-32_1,smt-82,solve,169,UNSAT
FASTJSON-32_1,smt-82,update,0,
FASTJSON-26_1,smt-238,check,13,false
FASTJSON-32_1,smt-4,check,3,false
FASTJSON-26_1,smt-238,solve,111,UNSAT
FASTJSON-26_1,smt-238,update,0,
FASTJSON-26_1,smt-94,check,13,false
FASTJSON-19_1,smt-73,solve,5003,UNKNOWN
SPOON-151_1,smt-103,solve,607,SAT
SPOON-151_1,smt-418,check,1,true
SPOON-151_1,smt-768,check,1,true
FASTJSON-19_1,smt-105,check,0,false
SPOON-151_1,smt-1063,check,1,true
SPOON-151_1,smt-126,check,0,true
SPOON-151_1,smt-883,check,1,true
FASTJSON-50_1,smt-267,solve,1060,SAT
SPOON-151_1,smt-404,check,1,true
SPOON-151_1,smt-515,check,0,true
SPOON-151_1,smt-850,check,0,true
FASTJSON-26_1,smt-94,solve,147,UNSAT
FASTJSON-26_1,smt-94,update,0,
SPOON-151_1,smt-948,check,0,true
SPOON-151_1,smt-405,check,0,true
SPOON-151_1,smt-690,check,1,true
FASTJSON-26_1,smt-223,check,15,false
SPOON-151_1,smt-487,check,5,false
FASTJSON-50_1,smt-33,check,0,false
FASTJSON-50_1,smt-33,solve,10,SAT
FASTJSON-50_1,smt-73,check,0,false
FASTJSON-50_1,smt-73,solve,3,SAT
FASTJSON-50_1,smt-105,check,0,false
FASTJSON-50_1,smt-105,solve,129,SAT
FASTJSON-50_1,smt-117,check,0,false
FASTJSON-50_1,smt-117,solve,5,SAT
FASTJSON-50_1,smt-152,check,0,false
FASTJSON-50_1,smt-152,solve,12,UNSAT
FASTJSON-50_1,smt-152,update,0,
FASTJSON-26_1,smt-223,solve,161,UNSAT
FASTJSON-26_1,smt-223,update,0,
FASTJSON-50_1,smt-236,check,0,false
FASTJSON-50_1,smt-236,solve,4,SAT
FASTJSON-50_1,smt-188,check,0,false
FASTJSON-50_1,smt-188,solve,3,SAT
FASTJSON-50_1,smt-172,check,0,false
FASTJSON-26_1,smt-192,check,1,true
FASTJSON-50_1,smt-172,solve,3,SAT
FASTJSON-50_1,smt-107,check,1,false
FASTJSON-26_1,smt-177,check,0,true
FASTJSON-26_1,smt-9,check,2,false
SPOON-151_1,smt-487,solve,601,SAT
SPOON-151_1,smt-358,check,2,true
SPOON-151_1,smt-1032,check,3,false
FASTJSON-50_1,smt-107,solve,84,UNSAT
FASTJSON-50_1,smt-107,update,0,
FASTJSON-50_1,smt-155,check,0,false
FASTJSON-50_1,smt-155,solve,4,SAT
FASTJSON-50_1,smt-241,check,0,false
FASTJSON-50_1,smt-241,solve,10,SAT
FASTJSON-50_1,smt-93,check,0,false
SPOON-151_1,smt-1032,solve,30,UNSAT
SPOON-151_1,smt-1032,update,0,
FASTJSON-50_1,smt-93,solve,4,SAT
SPOON-151_1,smt-490,check,4,true
FASTJSON-50_1,smt-70,check,0,false
FASTJSON-50_1,smt-70,solve,3,SAT
SPOON-151_1,smt-29,check,0,true
SPOON-151_1,smt-5,check,0,false
FASTJSON-50_1,smt-265,check,0,false
SPOON-151_1,smt-5,solve,4,SAT
FASTJSON-50_1,smt-265,solve,4,SAT
SPOON-151_1,smt-417,check,0,true
FASTJSON-50_1,smt-261,check,2,false
SPOON-151_1,smt-739,check,1,true
SPOON-151_1,smt-717,check,0,true
SPOON-151_1,smt-580,check,0,true
SPOON-151_1,smt-178,check,0,true
SPOON-151_1,smt-729,check,3,false
FASTJSON-26_1,smt-9,solve,632,SAT
SPOON-151_1,smt-729,solve,48,UNSAT
SPOON-151_1,smt-729,update,0,
SPOON-11_1,smt-2,solve,5004,UNKNOWN
FASTJSON-26_1,smt-12,check,0,false
FASTJSON-26_1,smt-12,solve,2,SAT
SPOON-151_1,smt-571,check,1,true
SPOON-151_1,smt-135,check,0,true
FASTJSON-26_1,smt-61,check,15,false
SPOON-151_1,smt-855,check,1,true
SPOON-151_1,smt-718,check,0,true
SPOON-151_1,smt-1198,check,0,true
SPOON-151_1,smt-1152,check,0,true
SPOON-151_1,smt-550,check,0,true
SPOON-11_1,smt-8,check,0,false
SPOON-151_1,smt-368,check,0,true
SPOON-151_1,smt-351,check,0,true
SPOON-151_1,smt-758,check,5,false
FASTJSON-26_1,smt-61,solve,188,UNSAT
FASTJSON-26_1,smt-61,update,0,
GUAVA-153_1,smt-48,solve,5003,UNKNOWN
FASTJSON-26_1,smt-246,check,15,false
SPOON-151_1,smt-758,solve,786,SAT
SPOON-151_1,smt-924,check,0,true
SPOON-151_1,smt-438,check,1,true
SPOON-151_1,smt-143,check,4,false
GUAVA-153_1,smt-18,check,0,false
GUAVA-153_1,smt-18,solve,3,SAT
GUAVA-153_1,smt-42,check,0,false
GUAVA-153_1,smt-42,solve,4,SAT
GUAVA-153_1,smt-4,check,0,false
GUAVA-153_1,smt-4,solve,3,SAT
GUAVA-153_1,smt-24,check,0,false
GUAVA-153_1,smt-24,solve,3,SAT
GUAVA-153_1,smt-36,check,0,false
GUAVA-153_1,smt-36,solve,3,SAT
GUAVA-153_1,smt-38,check,0,false
GUAVA-153_1,smt-38,solve,2,SAT
GUAVA-153_1,smt-45,check,0,false
GUAVA-153_1,smt-45,solve,5,SAT
GUAVA-153_1,smt-25,check,0,false
SPOON-107_1,smt-80,solve,5005,UNKNOWN
GUAVA-153_1,smt-25,solve,5,SAT
GUAVA-153_1,smt-32,check,0,false
SPOON-107_1,smt-33,check,0,false
GUAVA-153_1,smt-32,solve,4,SAT
GUAVA-153_1,smt-43,check,0,false
GUAVA-153_1,smt-43,solve,4,SAT
SPOON-107_1,smt-33,solve,128,SAT
SPOON-107_1,smt-73,check,0,false
FASTJSON-19_1,smt-105,solve,3255,SAT
GUAVA-153_1,smt-47,check,0,false
FASTJSON-19_1,smt-117,check,0,false
SPOON-11_1,smt-8,solve,811,SAT
SPOON-11_1,smt-11,check,0,false
FASTJSON-32_1,smt-4,solve,5002,UNKNOWN
SPOON-11_1,smt-11,solve,722,SAT
FASTJSON-32_1,smt-66,check,2,false
SPOON-11_1,smt-9,check,0,false
FASTJSON-32_1,smt-66,solve,203,UNSAT
FASTJSON-32_1,smt-66,update,0,
FASTJSON-32_1,smt-120,check,3,false
SPOON-11_1,smt-9,solve,343,SAT
FASTJSON-32_1,smt-120,solve,188,UNSAT
FASTJSON-32_1,smt-120,update,0,
SPOON-11_1,smt-12,check,0,false
FASTJSON-32_1,smt-121,check,2,false
FASTJSON-32_1,smt-121,solve,152,UNSAT
FASTJSON-32_1,smt-121,update,0,
FASTJSON-50_1,smt-261,solve,5003,UNKNOWN
FASTJSON-32_1,smt-85,check,4,false
FASTJSON-50_1,smt-96,check,0,false
FASTJSON-50_1,smt-96,solve,3,SAT
FASTJSON-50_1,smt-231,check,3,false
FASTJSON-50_1,smt-231,solve,171,UNSAT
FASTJSON-50_1,smt-231,update,0,
FASTJSON-50_1,smt-91,check,0,false
FASTJSON-50_1,smt-91,solve,3,SAT
FASTJSON-50_1,smt-247,check,0,false
FASTJSON-50_1,smt-247,solve,19,SAT
FASTJSON-50_1,smt-258,check,2,false
FASTJSON-26_1,smt-246,solve,5002,UNKNOWN
FASTJSON-26_1,smt-170,check,21,false
FASTJSON-50_1,smt-258,solve,112,UNSAT
FASTJSON-50_1,smt-258,update,0,
SPOON-11_1,smt-12,solve,786,SAT
FASTJSON-50_1,smt-35,check,1,false
SPOON-151_1,smt-143,solve,5002,UNKNOWN
SPOON-151_1,smt-970,check,4,false
SPOON-11_1,smt-6,check,0,false
SPOON-151_1,smt-970,solve,63,UNSAT
SPOON-151_1,smt-970,update,0,
FASTJSON-26_1,smt-170,solve,173,UNSAT
FASTJSON-26_1,smt-170,update,0,
SPOON-151_1,smt-527,check,0,true
SPOON-151_1,smt-999,check,1,true
SPOON-151_1,smt-86,check,0,true
SPOON-151_1,smt-793,check,2,true
FASTJSON-26_1,smt-198,check,14,false
SPOON-151_1,smt-245,check,1,true
SPOON-151_1,smt-185,check,7,false
SPOON-107_1,smt-73,solve,5005,UNKNOWN
SPOON-107_1,smt-70,check,0,false
FASTJSON-26_1,smt-198,solve,123,UNSAT
FASTJSON-26_1,smt-198,update,0,
FASTJSON-26_1,smt-257,check,12,false
FASTJSON-19_1,smt-117,solve,5002,UNKNOWN
SPOON-107_1,smt-70,solve,352,SAT
FASTJSON-26_1,smt-257,solve,108,UNSAT
FASTJSON-26_1,smt-257,update,0,
FASTJSON-26_1,smt-273,check,22,false
FASTJSON-19_1,smt-107,check,0,false
FASTJSON-19_1,smt-107,solve,16,SAT
FASTJSON-19_1,smt-93,check,0,false
FASTJSON-19_1,smt-93,solve,17,SAT
FASTJSON-19_1,smt-70,check,0,false
SPOON-11_1,smt-6,solve,512,SAT
SPOON-107_1,smt-91,check,26,false
FASTJSON-26_1,smt-273,solve,208,UNSAT
FASTJSON-26_1,smt-273,update,0,
FASTJSON-26_1,smt-132,check,13,true
FASTJSON-26_1,smt-108,check,15,true
FASTJSON-26_1,smt-277,check,12,false
FASTJSON-26_1,smt-277,solve,988,SAT
FASTJSON-26_1,smt-196,check,0,true
FASTJSON-26_1,smt-205,check,1,false
FASTJSON-26_1,smt-205,solve,84,SAT
FASTJSON-26_1,smt-163,check,0,false
FASTJSON-26_1,smt-163,solve,4,SAT
FASTJSON-26_1,smt-22,check,14,false
FASTJSON-26_1,smt-22,solve,104,UNSAT
FASTJSON-26_1,smt-22,update,0,
FASTJSON-26_1,smt-224,check,13,false
FASTJSON-32_1,smt-85,solve,5002,UNKNOWN
SPOON-11_1,smt-5,check,0,false
FASTJSON-32_1,smt-104,check,2,false
FASTJSON-26_1,smt-224,solve,165,UNSAT
FASTJSON-26_1,smt-224,update,0,
FASTJSON-19_1,smt-70,solve,2864,SAT
FASTJSON-26_1,smt-275,check,10,false
FASTJSON-19_1,smt-96,check,0,false
FASTJSON-32_1,smt-104,solve,175,UNSAT
FASTJSON-32_1,smt-104,update,0,
FASTJSON-19_1,smt-96,solve,10,SAT
FASTJSON-19_1,smt-91,check,0,false
FASTJSON-32_1,smt-127,check,4,false
FASTJSON-19_1,smt-91,solve,18,SAT
FASTJSON-19_1,smt-35,check,0,false
FASTJSON-19_1,smt-35,solve,13,SAT
FASTJSON-19_1,smt-98,check,0,false
SPOON-151_1,smt-185,solve,4527,UNSAT
SPOON-151_1,smt-185,update,0,
FASTJSON-19_1,smt-98,solve,97,UNSAT
FASTJSON-19_1,smt-98,update,0,
SPOON-151_1,smt-1041,check,1,true
SPOON-151_1,smt-354,check,6,false
FASTJSON-50_1,smt-35,solve,5002,UNKNOWN
FASTJSON-19_1,smt-56,check,1,false
FASTJSON-50_1,smt-98,check,0,false
FASTJSON-50_1,smt-98,solve,4,SAT
FASTJSON-50_1,smt-56,check,0,false
FASTJSON-50_1,smt-56,solve,3,SAT
FASTJSON-50_1,smt-28,check,0,false
FASTJSON-50_1,smt-28,solve,2,SAT
FASTJSON-50_1,smt-129,check,0,false
FASTJSON-50_1,smt-129,solve,4,SAT
FASTJSON-50_1,smt-180,check,0,false
FASTJSON-50_1,smt-180,solve,4,SAT
FASTJSON-50_1,smt-34,check,0,false
FASTJSON-19_1,smt-56,solve,205,UNSAT
FASTJSON-19_1,smt-56,update,0,
FASTJSON-50_1,smt-34,solve,135,SAT
FASTJSON-19_1,smt-28,check,0,false
FASTJSON-50_1,smt-208,check,0,false
FASTJSON-19_1,smt-28,solve,3,SAT
FASTJSON-50_1,smt-208,solve,4,SAT
FASTJSON-50_1,smt-244,check,0,false
FASTJSON-19_1,smt-129,check,1,false
FASTJSON-50_1,smt-244,solve,61,SAT
FASTJSON-50_1,smt-201,check,1,false
FASTJSON-19_1,smt-129,solve,87,UNSAT
FASTJSON-19_1,smt-129,update,0,
FASTJSON-26_1,smt-275,solve,1302,SAT
FASTJSON-19_1,smt-34,check,0,false
FASTJSON-19_1,smt-34,solve,11,SAT
FASTJSON-19_1,smt-68,check,0,false
FASTJSON-26_1,smt-62,check,0,true
FASTJSON-26_1,smt-63,check,0,false
FASTJSON-26_1,smt-63,solve,3,SAT
FASTJSON-50_1,smt-201,solve,143,UNSAT
FASTJSON-50_1,smt-201,update,0,
FASTJSON-26_1,smt-119,check,14,false
FASTJSON-50_1,smt-169,check,4,false
FASTJSON-26_1,smt-119,solve,102,UNSAT
FASTJSON-26_1,smt-119,update,0,
FASTJSON-26_1,smt-41,check,0,false
FASTJSON-26_1,smt-41,solve,4,SAT
FASTJSON-26_1,smt-194,check,11,false
FASTJSON-26_1,smt-194,solve,114,UNSAT
FASTJSON-26_1,smt-194,update,0,
FASTJSON-26_1,smt-72,check,7,true
FASTJSON-26_1,smt-260,check,22,false
GUAVA-153_1,smt-47,solve,5004,UNKNOWN
FASTJSON-26_1,smt-260,solve,230,UNSAT
FASTJSON-26_1,smt-260,update,0,
FASTJSON-26_1,smt-136,check,10,false
FASTJSON-26_1,smt-136,solve,125,UNSAT
FASTJSON-26_1,smt-136,update,0,
FASTJSON-26_1,smt-166,check,12,false
GUAVA-153_1,smt-30,check,0,false
GUAVA-153_1,smt-30,solve,3,SAT
GUAVA-153_1,smt-40,check,0,false
GUAVA-153_1,smt-40,solve,4,SAT
GUAVA-153_1,smt-20,check,0,false
GUAVA-153_1,smt-20,solve,3,SAT
GUAVA-153_1,smt-3,check,0,false
GUAVA-153_1,smt-3,solve,3,SAT
GUAVA-153_1,smt-10,check,0,false
GUAVA-153_1,smt-10,solve,3,SAT
GUAVA-153_1,smt-49,check,0,false
GUAVA-153_1,smt-49,solve,4,SAT
GUAVA-153_1,smt-13,check,0,false
GUAVA-153_1,smt-13,solve,14,UNSAT
GUAVA-153_1,smt-13,update,0,
GUAVA-153_1,smt-17,check,0,false
GUAVA-153_1,smt-17,solve,3,SAT
GUAVA-153_1,smt-21,check,0,false
GUAVA-153_1,smt-21,solve,3,SAT
GUAVA-153_1,smt-26,check,0,false
FASTJSON-26_1,smt-166,solve,115,UNSAT
FASTJSON-26_1,smt-166,update,0,
GUAVA-153_1,smt-26,solve,4,SAT
GUAVA-153_1,smt-39,check,0,false
FASTJSON-26_1,smt-140,check,1,false
GUAVA-153_1,smt-39,solve,5,SAT
GUAVA-153_1,smt-46,check,0,false
GUAVA-153_1,smt-46,solve,7,SAT
GUAVA-153_1,smt-2,check,0,false
GUAVA-153_1,smt-2,solve,4,SAT
GUAVA-153_1,smt-8,check,0,false
GUAVA-153_1,smt-8,solve,2,SAT
GUAVA-153_1,smt-19,check,0,false
FASTJSON-26_1,smt-140,solve,63,SAT
GUAVA-153_1,smt-19,solve,5,SAT
GUAVA-153_1,smt-33,check,0,false
GUAVA-153_1,smt-33,solve,2,SAT
GUAVA-153_1,smt-35,check,0,false
GUAVA-153_1,smt-35,solve,2,SAT
FASTJSON-26_1,smt-157,check,20,false
GUAVA-153_1,smt-28,check,0,false
GUAVA-153_1,smt-28,solve,3,SAT
GUAVA-153_1,smt-34,check,0,false
GUAVA-153_1,smt-34,solve,3,SAT
GUAVA-153_1,smt-11,check,0,false
GUAVA-153_1,smt-11,solve,3,SAT
FASTJSON-26_1,smt-157,solve,89,UNSAT
FASTJSON-26_1,smt-157,update,0,
FASTJSON-26_1,smt-112,check,15,false
GUAVA-153_1,smt-50,check,2,false
FASTJSON-32_1,smt-127,solve,5002,UNKNOWN
FASTJSON-32_1,smt-24,check,2,false
SPOON-151_1,smt-354,solve,5002,UNKNOWN
SPOON-151_1,smt-561,check,5,false
FASTJSON-32_1,smt-24,solve,205,UNSAT
FASTJSON-32_1,smt-24,update,0,
FASTJSON-32_1,smt-36,check,2,false
FASTJSON-19_1,smt-68,solve,5002,UNKNOWN
FASTJSON-19_1,smt-11,check,0,false
FASTJSON-19_1,smt-11,solve,5,SAT
FASTJSON-19_1,smt-50,check,0,false
FASTJSON-19_1,smt-50,solve,17,SAT
FASTJSON-19_1,smt-44,check,0,false
FASTJSON-19_1,smt-44,solve,9,UNSAT
FASTJSON-19_1,smt-44,update,0,
SPOON-151_1,smt-561,solve,1023,SAT
FASTJSON-19_1,smt-16,check,0,false
FASTJSON-19_1,smt-16,solve,10,SAT
SPOON-151_1,smt-912,check,6,false
FASTJSON-50_1,smt-169,solve,5002,UNKNOWN
FASTJSON-19_1,smt-125,check,0,false
FASTJSON-50_1,smt-68,check,0,false
FASTJSON-50_1,smt-68,solve,4,SAT
FASTJSON-50_1,smt-160,check,0,false
FASTJSON-50_1,smt-160,solve,4,SAT
FASTJSON-50_1,smt-11,check,0,false
FASTJSON-50_1,smt-11,solve,233,SAT
SPOON-151_1,smt-912,solve,394,SAT
FASTJSON-50_1,smt-50,check,0,false
SPOON-151_1,smt-955,check,0,true
SPOON-151_1,smt-752,check,0,true
SPOON-151_1,smt-663,check,0,true
SPOON-151_1,smt-106,check,2,false
FASTJSON-50_1,smt-50,solve,85,SAT
FASTJSON-50_1,smt-217,check,0,true
FASTJSON-50_1,smt-44,check,0,false
FASTJSON-50_1,smt-44,solve,4,SAT
FASTJSON-50_1,smt-263,check,0,true
FASTJSON-50_1,smt-16,check,0,false
SPOON-151_1,smt-106,solve,413,SAT
SPOON-151_1,smt-15,check,1,false
SPOON-151_1,smt-15,solve,19,UNSAT
SPOON-151_1,smt-15,update,0,
FASTJSON-50_1,smt-16,solve,475,SAT
SPOON-151_1,smt-647,check,0,true
FASTJSON-50_1,smt-146,check,0,false
SPOON-151_1,smt-486,check,0,true
SPOON-151_1,smt-585,check,0,true
SPOON-151_1,smt-815,check,1,true
SPOON-151_1,smt-877,check,1,true
SPOON-151_1,smt-784,check,5,false
SPOON-107_1,smt-91,solve,5003,UNKNOWN
FASTJSON-50_1,smt-146,solve,324,SAT
FASTJSON-50_1,smt-226,check,1,false
FASTJSON-50_1,smt-226,solve,104,UNSAT
FASTJSON-50_1,smt-226,update,0,
FASTJSON-50_1,smt-125,check,0,false
FASTJSON-50_1,smt-125,solve,3,SAT
FASTJSON-50_1,smt-240,check,0,false
FASTJSON-50_1,smt-240,solve,6,SAT
FASTJSON-50_1,smt-238,check,2,false
SPOON-107_1,smt-35,check,0,false
SPOON-151_1,smt-784,solve,925,SAT
FASTJSON-50_1,smt-238,solve,75,UNSAT
FASTJSON-50_1,smt-238,update,0,
SPOON-151_1,smt-189,check,0,true
FASTJSON-50_1,smt-94,check,1,false
SPOON-151_1,smt-408,check,1,true
SPOON-151_1,smt-667,check,6,false
SPOON-107_1,smt-35,solve,328,SAT
SPOON-107_1,smt-56,check,0,false
FASTJSON-19_1,smt-125,solve,2798,SAT
FASTJSON-26_1,smt-112,solve,5003,UNKNOWN
FASTJSON-26_1,smt-6,check,5,false
FASTJSON-19_1,smt-94,check,0,false
SPOON-151_1,smt-667,solve,541,SAT
SPOON-151_1,smt-814,check,2,true
SPOON-151_1,smt-276,check,2,false
SPOON-151_1,smt-276,solve,455,SAT
SPOON-151_1,smt-917,check,1,true
SPOON-151_1,smt-1179,check,1,true
SPOON-151_1,smt-558,check,1,true
SPOON-151_1,smt-981,check,1,true
SPOON-151_1,smt-195,check,0,true
SPOON-151_1,smt-279,check,0,true
SPOON-151_1,smt-1162,check,0,true
SPOON-151_1,smt-661,check,0,true
SPOON-151_1,smt-210,check,0,true
SPOON-151_1,smt-254,check,2,false
SPOON-151_1,smt-254,solve,42,UNSAT
SPOON-151_1,smt-254,update,0,
SPOON-151_1,smt-243,check,2,true
SPOON-151_1,smt-328,check,0,true
SPOON-151_1,smt-432,check,2,true
SPOON-151_1,smt-497,check,0,true
SPOON-151_1,smt-833,check,1,true
SPOON-151_1,smt-450,check,0,true
SPOON-151_1,smt-695,check,6,false
FASTJSON-32_1,smt-36,solve,5003,UNKNOWN
FASTJSON-32_1,smt-76,check,1,false
SPOON-151_1,smt-695,solve,553,SAT
FASTJSON-32_1,smt-76,solve,169,UNSAT
FASTJSON-32_1,smt-76,update,0,
SPOON-151_1,smt-631,check,0,true
SPOON-151_1,smt-252,check,0,true
SPOON-151_1,smt-14,check,1,false
FASTJSON-32_1,smt-97,check,5,false
SPOON-11_1,smt-5,solve,5180,UNKNOWN
FASTJSON-32_1,smt-97,solve,148,UNSAT
FASTJSON-32_1,smt-97,update,0,
SPOON-151_1,smt-14,solve,410,SAT
FASTJSON-32_1,smt-128,check,4,false
SPOON-151_1,smt-200,check,2,true
SPOON-151_1,smt-539,check,3,true
SPOON-151_1,smt-817,check,2,true
SPOON-151_1,smt-463,check,1,true
SPOON-151_1,smt-204,check,7,false
SPOON-11_1,smt-15,check,0,false
SPOON-151_1,smt-204,solve,158,UNSAT
SPOON-151_1,smt-204,update,0,
FASTJSON-32_1,smt-128,solve,149,UNSAT
FASTJSON-32_1,smt-128,update,0,
SPOON-151_1,smt-588,check,0,true
SPOON-151_1,smt-235,check,0,true
SPOON-151_1,smt-753,check,0,true
SPOON-151_1,smt-534,check,4,false
FASTJSON-32_1,smt-134,check,5,false
SPOON-11_1,smt-15,solve,280,SAT
FASTJSON-50_1,smt-94,solve,5003,UNKNOWN
FASTJSON-50_1,smt-223,check,0,true
FASTJSON-50_1,smt-192,check,0,false
FASTJSON-50_1,smt-192,solve,37,SAT
SPOON-107_1,smt-56,solve,5003,UNKNOWN
FASTJSON-50_1,smt-177,check,2,true
FASTJSON-50_1,smt-9,check,0,false
FASTJSON-50_1,smt-9,solve,4,SAT
FASTJSON-50_1,smt-12,check,0,false
FASTJSON-26_1,smt-6,solve,4896,SAT
FASTJSON-50_1,smt-12,solve,3,SAT
FASTJSON-50_1,smt-61,check,0,false
FASTJSON-50_1,smt-61,solve,4,SAT
SPOON-107_1,smt-28,check,0,false
FASTJSON-50_1,smt-246,check,4,false
FASTJSON-26_1,smt-103,check,8,true
FASTJSON-26_1,smt-126,check,22,false
FASTJSON-19_1,smt-94,solve,5002,UNKNOWN
FASTJSON-19_1,smt-9,check,0,false
FASTJSON-19_1,smt-9,solve,3,SAT
FASTJSON-19_1,smt-12,check,0,false
FASTJSON-19_1,smt-12,solve,10,SAT
FASTJSON-19_1,smt-61,check,0,false
FASTJSON-19_1,smt-61,solve,18,SAT
FASTJSON-19_1,smt-132,check,0,false
FASTJSON-26_1,smt-126,solve,194,UNSAT
FASTJSON-26_1,smt-126,update,0,
FASTJSON-26_1,smt-29,check,0,false
FASTJSON-26_1,smt-29,solve,4,SAT
SPOON-107_1,smt-28,solve,689,SAT
FASTJSON-26_1,smt-5,check,2,false
SPOON-107_1,smt-34,check,0,false
FASTJSON-26_1,smt-5,solve,30,UNSAT
FASTJSON-26_1,smt-5,update,0,
FASTJSON-26_1,smt-178,check,1,false
FASTJSON-26_1,smt-178,solve,5,UNSAT
FASTJSON-26_1,smt-178,update,0,
GUAVA-153_1,smt-50,solve,5013,UNKNOWN
FASTJSON-26_1,smt-135,check,7,true
FASTJSON-26_1,smt-143,check,2,false
SPOON-107_1,smt-34,solve,256,SAT
SPOON-107_1,smt-68,check,0,false
SPOON-107_1,smt-68,solve,23,UNSAT
SPOON-107_1,smt-68,update,0,
SPOON-107_1,smt-11,check,0,false
FASTJSON-26_1,smt-143,solve,243,SAT
FASTJSON-26_1,smt-86,check,11,false
GUAVA-153_1,smt-44,check,0,false
GUAVA-153_1,smt-44,solve,4,SAT
GUAVA-153_1,smt-16,check,0,false
GUAVA-153_1,smt-16,solve,4,SAT
GUAVA-153_1,smt-9,check,0,false
GUAVA-153_1,smt-9,solve,2,SAT
GUAVA-153_1,smt-12,check,0,false
GUAVA-153_1,smt-12,solve,4,SAT
GUAVA-153_1,smt-22,check,0,false
GUAVA-153_1,smt-22,solve,3,SAT
GUAVA-153_1,smt-41,check,0,false
GUAVA-153_1,smt-41,solve,5,SAT
GUAVA-153_1,smt-6,check,0,false
GUAVA-153_1,smt-6,solve,4,SAT
GUAVA-153_1,smt-29,check,0,false
GUAVA-153_1,smt-29,solve,4,SAT
GUAVA-153_1,smt-5,check,0,false
GUAVA-153_1,smt-5,solve,4,SAT
GUAVA-153_1,smt-15,check,0,false
GUAVA-153_1,smt-15,solve,14,UNSAT
GUAVA-153_1,smt-15,update,0,
SPOON-107_1,smt-11,solve,493,SAT
GUAVA-153_1,smt-14,check,0,false
SPOON-107_1,smt-50,check,0,false
GUAVA-153_1,smt-14,solve,4,SAT
GUAVA-153_1,smt-23,check,0,false
GUAVA-153_1,smt-23,solve,3,SAT
FASTJSON-85_1,smt-57,check,0,false
FASTJSON-85_1,smt-57,solve,35,SAT
FASTJSON-85_1,smt-37,check,0,false
FASTJSON-85_1,smt-37,solve,4,SAT
FASTJSON-85_1,smt-1,check,0,false
FASTJSON-85_1,smt-1,solve,3,SAT
FASTJSON-85_1,smt-31,check,0,false
FASTJSON-85_1,smt-31,solve,4,UNSAT
FASTJSON-85_1,smt-31,update,0,
FASTJSON-85_1,smt-53,check,0,false
FASTJSON-85_1,smt-53,solve,59,SAT
FASTJSON-85_1,smt-7,check,0,false
FASTJSON-85_1,smt-7,solve,3,SAT
FASTJSON-85_1,smt-27,check,0,false
FASTJSON-85_1,smt-27,solve,3,SAT
FASTJSON-85_1,smt-75,check,0,false
FASTJSON-85_1,smt-75,solve,5,SAT
FASTJSON-85_1,smt-67,check,0,false
FASTJSON-85_1,smt-67,solve,7,SAT
FASTJSON-85_1,smt-48,check,0,false
SPOON-151_1,smt-534,solve,4257,UNSAT
SPOON-151_1,smt-534,update,0,
FASTJSON-85_1,smt-48,solve,42,SAT
SPOON-151_1,smt-929,check,0,true
SPOON-151_1,smt-1000,check,0,true
FASTJSON-85_1,smt-18,check,0,false
SPOON-151_1,smt-1187,check,0,true
FASTJSON-85_1,smt-18,solve,3,SAT
FASTJSON-85_1,smt-59,check,0,false
SPOON-151_1,smt-755,check,0,true
SPOON-151_1,smt-827,check,1,true
SPOON-151_1,smt-233,check,0,true
SPOON-151_1,smt-493,check,3,false
FASTJSON-85_1,smt-59,solve,20,UNSAT
FASTJSON-85_1,smt-59,update,0,
FASTJSON-85_1,smt-42,check,0,false
FASTJSON-85_1,smt-42,solve,3,UNSAT
FASTJSON-85_1,smt-42,update,0,
FASTJSON-85_1,smt-4,check,0,false
FASTJSON-85_1,smt-4,solve,5,SAT
FASTJSON-85_1,smt-66,check,0,false
FASTJSON-85_1,smt-66,solve,3,SAT
FASTJSON-85_1,smt-24,check,0,false
FASTJSON-85_1,smt-24,solve,3,SAT
FASTJSON-85_1,smt-36,check,0,false
FASTJSON-85_1,smt-36,solve,4,SAT
FASTJSON-85_1,smt-76,check,0,false
FASTJSON-85_1,smt-76,solve,4,SAT
FASTJSON-26_1,smt-86,solve,1320,SAT
FASTJSON-85_1,smt-60,check,0,false
FASTJSON-85_1,smt-60,solve,29,SAT
FASTJSON-85_1,smt-38,check,0,false
FASTJSON-85_1,smt-38,solve,5,SAT
SPOON-11_1,smt-14,check,0,false
FASTJSON-85_1,smt-45,check,0,false
FASTJSON-26_1,smt-245,check,26,false
SPOON-107_1,smt-50,solve,1204,SAT
FASTJSON-85_1,smt-45,solve,37,SAT
SPOON-107_1,smt-44,check,0,false
FASTJSON-85_1,smt-64,check,0,false
SPOON-151_1,smt-493,solve,424,SAT
SPOON-151_1,smt-967,check,1,true
FASTJSON-85_1,smt-64,solve,7,SAT
FASTJSON-85_1,smt-25,check,0,false
SPOON-151_1,smt-536,check,3,true
FASTJSON-85_1,smt-25,solve,4,SAT
FASTJSON-85_1,smt-32,check,0,false
FASTJSON-85_1,smt-32,solve,2,UNSAT
FASTJSON-85_1,smt-32,update,0,
FASTJSON-85_1,smt-43,check,0,false
SPOON-151_1,smt-518,check,3,true
SPOON-151_1,smt-889,check,2,true
FASTJSON-85_1,smt-43,solve,4,SAT
SPOON-151_1,smt-1013,check,5,false
FASTJSON-85_1,smt-47,check,0,false
FASTJSON-32_1,smt-134,solve,5002,UNKNOWN
FASTJSON-85_1,smt-47,solve,23,SAT
FASTJSON-85_1,smt-30,check,0,false
FASTJSON-85_1,smt-30,solve,5,UNSAT
FASTJSON-85_1,smt-30,update,0,
FASTJSON-85_1,smt-40,check,0,false
SPOON-151_1,smt-1013,solve,38,UNSAT
SPOON-151_1,smt-1013,update,0,
FASTJSON-85_1,smt-40,solve,3,SAT
SPOON-151_1,smt-330,check,0,true
FASTJSON-85_1,smt-20,check,0,false
SPOON-151_1,smt-910,check,1,true
SPOON-151_1,smt-145,check,4,true
FASTJSON-32_1,smt-60,check,7,false
SPOON-151_1,smt-221,check,6,false
FASTJSON-85_1,smt-20,solve,15,UNSAT
FASTJSON-85_1,smt-20,update,0,
FASTJSON-85_1,smt-74,check,0,false
FASTJSON-85_1,smt-74,solve,6,SAT
FASTJSON-85_1,smt-69,check,0,false
SPOON-151_1,smt-221,solve,70,UNSAT
SPOON-151_1,smt-221,update,0,
FASTJSON-85_1,smt-69,solve,28,SAT
FASTJSON-85_1,smt-3,check,0,false
SPOON-151_1,smt-1056,check,5,true
FASTJSON-85_1,smt-3,solve,3,SAT
FASTJSON-85_1,smt-10,check,0,false
FASTJSON-85_1,smt-10,solve,6,SAT
FASTJSON-85_1,smt-49,check,0,false
SPOON-151_1,smt-673,check,0,true
FASTJSON-85_1,smt-49,solve,5,SAT
SPOON-151_1,smt-1059,check,5,false
FASTJSON-85_1,smt-13,check,0,false
FASTJSON-85_1,smt-13,solve,6,SAT
FASTJSON-85_1,smt-17,check,0,false
FASTJSON-85_1,smt-17,solve,5,SAT
FASTJSON-85_1,smt-21,check,0,false
FASTJSON-85_1,smt-21,solve,4,SAT
FASTJSON-85_1,smt-58,check,0,false
FASTJSON-85_1,smt-58,solve,18,UNSAT
FASTJSON-85_1,smt-58,update,0,
SPOON-151_1,smt-1059,solve,80,UNSAT
SPOON-151_1,smt-1059,update,0,
FASTJSON-85_1,smt-51,check,0,false
SPOON-151_1,smt-321,check,0,true
FASTJSON-32_1,smt-60,solve,266,UNSAT
SPOON-151_1,smt-998,check,0,true
FASTJSON-32_1,smt-60,update,0,
SPOON-151_1,smt-131,check,0,true
FASTJSON-85_1,smt-51,solve,20,UNSAT
FASTJSON-85_1,smt-51,update,0,
SPOON-151_1,smt-343,check,0,true
FASTJSON-85_1,smt-71,check,0,false
SPOON-151_1,smt-491,check,2,true
SPOON-151_1,smt-65,check,5,false
FASTJSON-85_1,smt-71,solve,5,SAT
FASTJSON-32_1,smt-38,check,2,false
FASTJSON-85_1,smt-26,check,0,false
FASTJSON-85_1,smt-26,solve,5,SAT
FASTJSON-85_1,smt-52,check,0,false
FASTJSON-19_1,smt-132,solve,3532,SAT
FASTJSON-85_1,smt-52,solve,5,SAT
FASTJSON-85_1,smt-39,check,0,false
FASTJSON-85_1,smt-39,solve,4,SAT
FASTJSON-85_1,smt-46,check,0,false
FASTJSON-85_1,smt-46,solve,6,SAT
FASTJSON-85_1,smt-2,check,0,false
SPOON-107_1,smt-44,solve,1220,SAT
FASTJSON-85_1,smt-2,solve,2,SAT
FASTJSON-85_1,smt-79,check,0,false
FASTJSON-85_1,smt-79,solve,4,SAT
FASTJSON-85_1,smt-8,check,0,false
FASTJSON-85_1,smt-8,solve,3,SAT
FASTJSON-85_1,smt-19,check,0,false
SPOON-107_1,smt-16,check,0,false
FASTJSON-19_1,smt-108,check,0,false
FASTJSON-85_1,smt-19,solve,27,SAT
FASTJSON-85_1,smt-78,check,0,false
FASTJSON-85_1,smt-78,solve,7,SAT
FASTJSON-85_1,smt-33,check,0,false
FASTJSON-85_1,smt-33,solve,24,SAT
FASTJSON-85_1,smt-73,check,0,false
FASTJSON-19_1,smt-108,solve,61,UNSAT
FASTJSON-19_1,smt-108,update,0,
FASTJSON-19_1,smt-22,check,0,false
FASTJSON-85_1,smt-73,solve,7,UNSAT
FASTJSON-85_1,smt-73,update,0,
FASTJSON-85_1,smt-70,check,0,false
FASTJSON-19_1,smt-22,solve,9,SAT
FASTJSON-19_1,smt-62,check,0,false
FASTJSON-85_1,smt-70,solve,5,SAT
FASTJSON-85_1,smt-35,check,0,false
SPOON-107_1,smt-16,solve,263,SAT
FASTJSON-19_1,smt-62,solve,12,SAT
FASTJSON-85_1,smt-35,solve,5,UNSAT
FASTJSON-85_1,smt-35,update,0,
FASTJSON-19_1,smt-63,check,0,false
SPOON-107_1,smt-9,check,0,false
FASTJSON-85_1,smt-56,check,0,false
FASTJSON-19_1,smt-63,solve,10,SAT
FASTJSON-19_1,smt-119,check,0,false
FASTJSON-85_1,smt-56,solve,15,UNSAT
FASTJSON-85_1,smt-56,update,0,
SPOON-107_1,smt-9,solve,43,SAT
FASTJSON-85_1,smt-28,check,0,true
FASTJSON-85_1,smt-34,check,0,false
SPOON-107_1,smt-12,check,0,false
FASTJSON-19_1,smt-119,solve,20,SAT
FASTJSON-19_1,smt-41,check,0,true
FASTJSON-19_1,smt-72,check,0,false
FASTJSON-85_1,smt-34,solve,48,SAT
FASTJSON-19_1,smt-72,solve,18,SAT
SPOON-107_1,smt-12,solve,60,SAT
FASTJSON-85_1,smt-68,check,0,true
FASTJSON-85_1,smt-11,check,0,false
FASTJSON-19_1,smt-136,check,0,false
SPOON-107_1,smt-61,check,0,false
FASTJSON-85_1,smt-11,solve,4,SAT
FASTJSON-85_1,smt-50,check,0,true
FASTJSON-85_1,smt-44,check,0,false
FASTJSON-85_1,smt-44,solve,4,SAT
FASTJSON-85_1,smt-16,check,0,false
FASTJSON-85_1,smt-16,solve,5,SAT
FASTJSON-85_1,smt-9,check,0,false
FASTJSON-85_1,smt-9,solve,3,SAT
FASTJSON-85_1,smt-12,check,0,false
FASTJSON-85_1,smt-12,solve,4,SAT
FASTJSON-85_1,smt-61,check,0,false
FASTJSON-50_1,smt-246,solve,5003,UNKNOWN
FASTJSON-85_1,smt-61,solve,9,SAT
FASTJSON-85_1,smt-22,check,0,false
FASTJSON-85_1,smt-22,solve,28,SAT
FASTJSON-50_1,smt-170,check,2,false
FASTJSON-85_1,smt-62,check,0,false
FASTJSON-85_1,smt-62,solve,5,SAT
FASTJSON-85_1,smt-63,check,0,false
FASTJSON-85_1,smt-63,solve,4,SAT
FASTJSON-85_1,smt-41,check,0,false
FASTJSON-85_1,smt-41,solve,6,SAT
FASTJSON-85_1,smt-72,check,0,false
FASTJSON-85_1,smt-72,solve,6,SAT
FASTJSON-85_1,smt-6,check,0,false
FASTJSON-85_1,smt-6,solve,5,SAT
FASTJSON-85_1,smt-29,check,0,false
FASTJSON-85_1,smt-29,solve,25,SAT
FASTJSON-85_1,smt-5,check,0,false
FASTJSON-85_1,smt-5,solve,3,SAT
FASTJSON-85_1,smt-15,check,0,false
FASTJSON-85_1,smt-15,solve,6,SAT
FASTJSON-50_1,smt-170,solve,139,UNSAT
FASTJSON-50_1,smt-170,update,0,
FASTJSON-85_1,smt-14,check,0,false
FASTJSON-85_1,smt-14,solve,3,SAT
FASTJSON-85_1,smt-65,check,0,false
FASTJSON-50_1,smt-198,check,0,false
FASTJSON-50_1,smt-198,solve,9,UNSAT
FASTJSON-50_1,smt-198,update,0,
FASTJSON-50_1,smt-257,check,0,false
FASTJSON-50_1,smt-257,solve,3,SAT
FASTJSON-50_1,smt-132,check,0,false
FASTJSON-50_1,smt-132,solve,3,SAT
FASTJSON-85_1,smt-65,solve,40,SAT
FASTJSON-50_1,smt-108,check,0,false
FASTJSON-50_1,smt-108,solve,3,SAT
FASTJSON-85_1,smt-54,check,0,false
FASTJSON-50_1,smt-196,check,2,false
FASTJSON-85_1,smt-54,solve,31,SAT
FASTJSON-85_1,smt-55,check,0,false
FASTJSON-85_1,smt-55,solve,5,UNSAT
FASTJSON-85_1,smt-55,update,0,
FASTJSON-85_1,smt-23,check,0,false
FASTJSON-85_1,smt-23,solve,5,SAT
FASTJSON-85_1,smt-77,check,0,false
FASTJSON-85_1,smt-77,solve,5,SAT
SEATA-14_1,smt-57,check,0,false
FASTJSON-50_1,smt-196,solve,123,UNSAT
FASTJSON-50_1,smt-196,update,0,
SEATA-14_1,smt-57,solve,20,UNSAT
SEATA-14_1,smt-57,update,0,
FASTJSON-50_1,smt-205,check,0,false
SEATA-14_1,smt-37,check,0,false
SEATA-14_1,smt-37,solve,26,UNSAT
SEATA-14_1,smt-37,update,0,
FASTJSON-50_1,smt-205,solve,30,UNSAT
FASTJSON-50_1,smt-205,update,0,
FASTJSON-50_1,smt-163,check,0,false
SEATA-14_1,smt-1,check,0,false
FASTJSON-50_1,smt-163,solve,3,SAT
FASTJSON-50_1,smt-22,check,0,false
FASTJSON-50_1,smt-22,solve,4,SAT
SEATA-14_1,smt-1,solve,7,SAT
FASTJSON-50_1,smt-224,check,0,false
SEATA-14_1,smt-31,check,0,false
FASTJSON-50_1,smt-224,solve,3,SAT
FASTJSON-50_1,smt-62,check,0,false
FASTJSON-50_1,smt-62,solve,9,SAT
FASTJSON-50_1,smt-63,check,2,false
SEATA-14_1,smt-31,solve,26,UNSAT
SEATA-14_1,smt-31,update,0,
SEATA-14_1,smt-53,check,0,false
SEATA-14_1,smt-53,solve,14,UNSAT
SEATA-14_1,smt-53,update,0,
SEATA-14_1,smt-7,check,0,false
SEATA-14_1,smt-7,solve,6,SAT
SEATA-14_1,smt-27,check,0,false
SEATA-14_1,smt-27,solve,17,UNSAT
SEATA-14_1,smt-27,update,0,
SEATA-14_1,smt-75,check,0,false
FASTJSON-50_1,smt-63,solve,99,UNSAT
FASTJSON-50_1,smt-63,update,0,
FASTJSON-50_1,smt-119,check,0,false
SEATA-14_1,smt-75,solve,15,UNSAT
SEATA-14_1,smt-75,update,0,
SEATA-14_1,smt-67,check,0,false
FASTJSON-50_1,smt-119,solve,4,SAT
FASTJSON-50_1,smt-41,check,0,false
SEATA-14_1,smt-67,solve,91,SAT
SEATA-14_1,smt-48,check,0,false
SEATA-14_1,smt-48,solve,11,SAT
FASTJSON-50_1,smt-41,solve,233,SAT
SEATA-14_1,smt-18,check,0,false
FASTJSON-50_1,smt-194,check,5,false
SEATA-14_1,smt-18,solve,36,SAT
SEATA-14_1,smt-59,check,0,false
SEATA-14_1,smt-59,solve,24,SAT
SEATA-14_1,smt-42,check,0,true
SEATA-14_1,smt-4,check,0,false
SEATA-14_1,smt-4,solve,32,UNSAT
SEATA-14_1,smt-4,update,0,
SEATA-14_1,smt-66,check,0,false
FASTJSON-50_1,smt-194,solve,160,UNSAT
FASTJSON-50_1,smt-194,update,0,
SEATA-14_1,smt-66,solve,24,UNSAT
SEATA-14_1,smt-66,update,0,
SEATA-14_1,smt-24,check,0,false
FASTJSON-50_1,smt-72,check,0,true
FASTJSON-50_1,smt-260,check,2,false
SEATA-14_1,smt-24,solve,17,UNSAT
SEATA-14_1,smt-24,update,0,
SEATA-14_1,smt-36,check,0,false
SEATA-14_1,smt-36,solve,50,SAT
SEATA-14_1,smt-76,check,0,false
SEATA-14_1,smt-76,solve,24,UNSAT
SEATA-14_1,smt-76,update,0,
SEATA-14_1,smt-60,check,0,false
FASTJSON-26_1,smt-245,solve,5002,UNKNOWN
SEATA-14_1,smt-60,solve,25,UNSAT
SEATA-14_1,smt-60,update,0,
SEATA-14_1,smt-38,check,0,false
FASTJSON-26_1,smt-185,check,9,false
FASTJSON-19_1,smt-136,solve,3226,SAT
SEATA-14_1,smt-38,solve,21,UNSAT
SEATA-14_1,smt-38,update,0,
SEATA-14_1,smt-45,check,0,false
SEATA-14_1,smt-45,solve,26,UNSAT
SEATA-14_1,smt-45,update,0,
SEATA-14_1,smt-64,check,0,true
SEATA-14_1,smt-25,check,0,false
FASTJSON-19_1,smt-140,check,1,false
FASTJSON-26_1,smt-185,solve,104,UNSAT
FASTJSON-26_1,smt-185,update,0,
SEATA-14_1,smt-25,solve,24,SAT
SEATA-14_1,smt-32,check,0,false
FASTJSON-26_1,smt-106,check,5,true
FASTJSON-26_1,smt-15,check,1,false
SEATA-14_1,smt-32,solve,14,UNSAT
SEATA-14_1,smt-32,update,0,
SEATA-14_1,smt-43,check,0,false
FASTJSON-26_1,smt-15,solve,23,UNSAT
FASTJSON-26_1,smt-15,update,0,
SEATA-14_1,smt-43,solve,11,UNSAT
SEATA-14_1,smt-43,update,0,
SEATA-14_1,smt-47,check,0,false
FASTJSON-26_1,smt-189,check,29,false
SEATA-14_1,smt-47,solve,30,UNSAT
SEATA-14_1,smt-47,update,0,
SEATA-14_1,smt-30,check,0,false
SEATA-14_1,smt-30,solve,5,UNSAT
SEATA-14_1,smt-30,update,0,
SEATA-14_1,smt-40,check,0,true
SEATA-14_1,smt-20,check,0,false
SEATA-14_1,smt-20,solve,9,SAT
SEATA-14_1,smt-74,check,0,false
SEATA-14_1,smt-74,solve,19,UNSAT
SEATA-14_1,smt-74,update,0,
SEATA-14_1,smt-69,check,0,true
SEATA-14_1,smt-3,check,0,false
SEATA-14_1,smt-3,solve,4,SAT
SPOON-151_1,smt-65,solve,5002,UNKNOWN
SEATA-14_1,smt-10,check,0,false
SPOON-151_1,smt-1164,check,2,true
SPOON-151_1,smt-786,check,1,true
SPOON-151_1,smt-907,check,0,true
FASTJSON-26_1,smt-189,solve,174,UNSAT
SPOON-151_1,smt-396,check,1,true
FASTJSON-26_1,smt-189,update,0,
FASTJSON-32_1,smt-38,solve,5003,UNKNOWN
SEATA-14_1,smt-10,solve,58,SAT
SPOON-151_1,smt-1167,check,0,true
SEATA-14_1,smt-49,check,0,true
SEATA-14_1,smt-13,check,0,false
SPOON-151_1,smt-679,check,0,true
SPOON-151_1,smt-890,check,0,true
SPOON-151_1,smt-1018,check,0,true
FASTJSON-26_1,smt-276,check,14,false
SEATA-14_1,smt-13,solve,13,SAT
FASTJSON-32_1,smt-45,check,3,false
SEATA-14_1,smt-17,check,0,false
SPOON-151_1,smt-691,check,1,true
SPOON-151_1,smt-367,check,0,true
SPOON-151_1,smt-654,check,0,true
SPOON-151_1,smt-617,check,1,true
SPOON-151_1,smt-990,check,0,true
SPOON-151_1,smt-374,check,4,false
SEATA-14_1,smt-17,solve,37,UNSAT
SEATA-14_1,smt-17,update,0,
SEATA-14_1,smt-21,check,0,false
SEATA-14_1,smt-21,solve,10,SAT
SEATA-14_1,smt-58,check,0,false
FASTJSON-26_1,smt-276,solve,91,UNSAT
FASTJSON-26_1,smt-276,update,0,
SEATA-14_1,smt-58,solve,12,UNSAT
SEATA-14_1,smt-58,update,0,
FASTJSON-26_1,smt-195,check,1,false
SEATA-14_1,smt-51,check,0,false
FASTJSON-26_1,smt-195,solve,61,SAT
FASTJSON-32_1,smt-45,solve,163,UNSAT
FASTJSON-32_1,smt-45,update,0,
FASTJSON-26_1,smt-279,check,9,false
SEATA-14_1,smt-51,solve,36,UNSAT
SEATA-14_1,smt-51,update,0,
SEATA-14_1,smt-71,check,0,false
SEATA-14_1,smt-71,solve,9,UNSAT
SEATA-14_1,smt-71,update,0,
FASTJSON-32_1,smt-64,check,7,false
SEATA-14_1,smt-26,check,0,true
SEATA-14_1,smt-52,check,0,false
FASTJSON-50_1,smt-260,solve,2027,SAT
SEATA-14_1,smt-52,solve,5,UNSAT
SEATA-14_1,smt-52,update,0,
SEATA-14_1,smt-39,check,0,true
SEATA-14_1,smt-46,check,0,false
SPOON-107_1,smt-61,solve,4977,SAT
SEATA-14_1,smt-46,solve,9,UNSAT
SEATA-14_1,smt-46,update,0,
SEATA-14_1,smt-2,check,0,false
FASTJSON-50_1,smt-136,check,0,false
SPOON-151_1,smt-374,solve,536,SAT
FASTJSON-50_1,smt-136,solve,11,SAT
FASTJSON-50_1,smt-166,check,0,false
SPOON-151_1,smt-453,check,1,true
SPOON-107_1,smt-22,check,0,false
SPOON-151_1,smt-1101,check,1,true
SPOON-151_1,smt-113,check,0,true
SPOON-151_1,smt-660,check,1,true
SPOON-151_1,smt-54,check,1,true
SPOON-151_1,smt-941,check,9,false
SEATA-14_1,smt-2,solve,113,SAT
SEATA-14_1,smt-8,check,0,false
SEATA-14_1,smt-8,solve,20,UNSAT
SEATA-14_1,smt-8,update,0,
SEATA-14_1,smt-19,check,0,false
SPOON-151_1,smt-941,solve,52,UNSAT
SPOON-151_1,smt-941,update,0,
SEATA-14_1,smt-19,solve,6,SAT
SEATA-14_1,smt-33,check,0,true
FASTJSON-32_1,smt-64,solve,190,UNSAT
FASTJSON-32_1,smt-64,update,0,
SEATA-14_1,smt-73,check,0,false
SEATA-14_1,smt-73,solve,5,SAT
SPOON-151_1,smt-467,check,1,true
SEATA-14_1,smt-70,check,0,false
SPOON-151_1,smt-568,check,7,false
FASTJSON-32_1,smt-25,check,5,false
SEATA-14_1,smt-70,solve,26,UNSAT
SEATA-14_1,smt-70,update,0,
SEATA-14_1,smt-35,check,0,false
SEATA-14_1,smt-35,solve,4,UNSAT
SEATA-14_1,smt-35,update,0,
SEATA-14_1,smt-56,check,0,true
SPOON-151_1,smt-568,solve,53,UNSAT
SPOON-151_1,smt-568,update,0,
SEATA-14_1,smt-28,check,0,false
SPOON-151_1,smt-222,check,5,false
FASTJSON-50_1,smt-166,solve,581,SAT
SEATA-14_1,smt-28,solve,84,SAT
FASTJSON-50_1,smt-140,check,0,false
SEATA-14_1,smt-34,check,0,false
SPOON-107_1,smt-22,solve,699,SAT
FASTJSON-50_1,smt-140,solve,11,SAT
SEATA-14_1,smt-34,solve,8,UNSAT
SEATA-14_1,smt-34,update,0,
FASTJSON-50_1,smt-157,check,0,false
SEATA-14_1,smt-68,check,0,false
SPOON-107_1,smt-62,check,0,false
FASTJSON-26_1,smt-279,solve,987,SAT
SEATA-14_1,smt-68,solve,24,UNSAT
SEATA-14_1,smt-68,update,0,
FASTJSON-32_1,smt-25,solve,184,UNSAT
FASTJSON-32_1,smt-25,update,0,
SEATA-14_1,smt-11,check,0,false
FASTJSON-32_1,smt-32,check,5,false
FASTJSON-26_1,smt-210,check,26,false
SEATA-14_1,smt-11,solve,119,SAT
SEATA-14_1,smt-50,check,0,false
SEATA-14_1,smt-50,solve,6,UNSAT
SEATA-14_1,smt-50,update,0,
SEATA-14_1,smt-44,check,0,false
SEATA-14_1,smt-44,solve,9,SAT
SEATA-14_1,smt-16,check,0,false
SEATA-14_1,smt-16,solve,109,SAT
SEATA-14_1,smt-9,check,0,false
SEATA-14_1,smt-9,solve,9,SAT
SEATA-14_1,smt-12,check,0,false
SEATA-14_1,smt-12,solve,7,SAT
SEATA-14_1,smt-61,check,0,false
FASTJSON-50_1,smt-157,solve,754,SAT
SPOON-107_1,smt-62,solve,779,SAT
FASTJSON-50_1,smt-112,check,0,false
SEATA-14_1,smt-61,solve,18,SAT
SPOON-107_1,smt-63,check,0,false
SEATA-14_1,smt-22,check,0,true
SEATA-14_1,smt-62,check,0,false
FASTJSON-26_1,smt-210,solve,234,UNSAT
FASTJSON-26_1,smt-210,update,0,
SEATA-14_1,smt-62,solve,5,UNSAT
SEATA-14_1,smt-62,update,0,
SEATA-14_1,smt-63,check,0,false
FASTJSON-26_1,smt-254,check,11,false
SEATA-14_1,smt-63,solve,23,UNSAT
SEATA-14_1,smt-63,update,0,
SEATA-14_1,smt-41,check,0,false
FASTJSON-50_1,smt-112,solve,273,SAT
FASTJSON-50_1,smt-6,check,0,false
FASTJSON-50_1,smt-6,solve,3,SAT
FASTJSON-50_1,smt-103,check,1,false
SEATA-14_1,smt-41,solve,103,SAT
SEATA-14_1,smt-72,check,0,false
SEATA-14_1,smt-72,solve,5,UNSAT
SEATA-14_1,smt-72,update,0,
SEATA-14_1,smt-6,check,0,false
FASTJSON-26_1,smt-254,solve,139,UNSAT
FASTJSON-26_1,smt-254,update,0,
SEATA-14_1,smt-6,solve,11,SAT
SEATA-14_1,smt-29,check,0,false
FASTJSON-26_1,smt-243,check,9,true
FASTJSON-26_1,smt-252,check,7,true
FASTJSON-26_1,smt-14,check,7,false
SEATA-14_1,smt-29,solve,35,SAT
SEATA-14_1,smt-5,check,0,false
SEATA-14_1,smt-5,solve,3,SAT
SEATA-14_1,smt-15,check,0,false
SEATA-14_1,smt-15,solve,22,SAT
SEATA-14_1,smt-14,check,0,false
FASTJSON-26_1,smt-14,solve,59,UNSAT
FASTJSON-26_1,smt-14,update,0,
SEATA-14_1,smt-14,solve,3,SAT
SEATA-14_1,smt-65,check,0,false
FASTJSON-26_1,smt-200,check,1,false
FASTJSON-19_1,smt-140,solve,4116,SAT
FASTJSON-26_1,smt-200,solve,58,SAT
SEATA-14_1,smt-65,solve,32,UNSAT
SEATA-14_1,smt-65,update,0,
SEATA-14_1,smt-54,check,0,false
FASTJSON-26_1,smt-204,check,14,false
SEATA-14_1,smt-54,solve,14,UNSAT
SEATA-14_1,smt-54,update,0,
SEATA-14_1,smt-55,check,0,false
SEATA-14_1,smt-55,solve,43,SAT
FASTJSON-19_1,smt-112,check,1,false
SEATA-14_1,smt-23,check,0,false
SPOON-107_1,smt-63,solve,1104,SAT
SPOON-107_1,smt-41,check,0,false
SEATA-14_1,smt-23,solve,26,SAT
FASTJSON-59_1,smt-57,check,0,false
FASTJSON-59_1,smt-57,solve,9,SAT
FASTJSON-59_1,smt-90,check,0,false
SPOON-107_1,smt-41,solve,26,UNSAT
SPOON-107_1,smt-41,update,0,
FASTJSON-59_1,smt-90,solve,2,SAT
FASTJSON-59_1,smt-37,check,0,false
SPOON-107_1,smt-72,check,0,false
FASTJSON-59_1,smt-37,solve,8,SAT
FASTJSON-59_1,smt-1,check,0,false
FASTJSON-59_1,smt-1,solve,8,SAT
FASTJSON-59_1,smt-87,check,0,false
FASTJSON-50_1,smt-103,solve,953,SAT
FASTJSON-59_1,smt-87,solve,14,SAT
FASTJSON-59_1,smt-31,check,0,false
FASTJSON-59_1,smt-31,solve,10,SAT
FASTJSON-59_1,smt-89,check,0,false
FASTJSON-59_1,smt-89,solve,4,SAT
FASTJSON-59_1,smt-53,check,0,false
FASTJSON-59_1,smt-53,solve,5,SAT
FASTJSON-50_1,smt-126,check,0,false
FASTJSON-59_1,smt-7,check,0,false
FASTJSON-59_1,smt-7,solve,3,SAT
FASTJSON-50_1,smt-126,solve,3,UNSAT
FASTJSON-50_1,smt-126,update,0,
FASTJSON-59_1,smt-27,check,0,false
FASTJSON-50_1,smt-29,check,1,false
FASTJSON-59_1,smt-27,solve,3,SAT
FASTJSON-59_1,smt-75,check,0,false
FASTJSON-59_1,smt-75,solve,9,SAT
FASTJSON-59_1,smt-67,check,0,false
FASTJSON-59_1,smt-67,solve,8,SAT
FASTJSON-59_1,smt-88,check,0,false
FASTJSON-59_1,smt-88,solve,5,SAT
FASTJSON-59_1,smt-48,check,0,false
FASTJSON-59_1,smt-48,solve,11,SAT
FASTJSON-59_1,smt-18,check,0,false
FASTJSON-59_1,smt-18,solve,9,SAT
FASTJSON-59_1,smt-92,check,0,false
FASTJSON-59_1,smt-92,solve,8,SAT
FASTJSON-59_1,smt-100,check,0,false
FASTJSON-59_1,smt-100,solve,3,SAT
FASTJSON-59_1,smt-59,check,0,false
FASTJSON-59_1,smt-59,solve,5,SAT
FASTJSON-59_1,smt-42,check,0,false
FASTJSON-59_1,smt-42,solve,4,SAT
FASTJSON-59_1,smt-82,check,0,false
FASTJSON-59_1,smt-82,solve,6,SAT
FASTJSON-59_1,smt-4,check,0,false
FASTJSON-59_1,smt-4,solve,8,SAT
FASTJSON-59_1,smt-66,check,0,false
FASTJSON-59_1,smt-66,solve,5,SAT
FASTJSON-59_1,smt-85,check,0,false
FASTJSON-59_1,smt-85,solve,5,UNSAT
FASTJSON-59_1,smt-85,update,0,
FASTJSON-59_1,smt-104,check,0,false
FASTJSON-59_1,smt-104,solve,14,SAT
FASTJSON-59_1,smt-24,check,0,false
FASTJSON-59_1,smt-24,solve,14,SAT
FASTJSON-59_1,smt-36,check,0,false
FASTJSON-59_1,smt-36,solve,6,SAT
FASTJSON-59_1,smt-76,check,0,false
FASTJSON-59_1,smt-76,solve,15,SAT
FASTJSON-59_1,smt-97,check,0,false
FASTJSON-59_1,smt-97,solve,2,SAT
FASTJSON-59_1,smt-60,check,0,false
FASTJSON-59_1,smt-60,solve,2,SAT
FASTJSON-59_1,smt-38,check,0,false
FASTJSON-59_1,smt-38,solve,9,SAT
FASTJSON-59_1,smt-45,check,0,false
FASTJSON-59_1,smt-45,solve,9,SAT
FASTJSON-59_1,smt-64,check,0,false
FASTJSON-59_1,smt-64,solve,3,SAT
FASTJSON-59_1,smt-25,check,0,false
FASTJSON-59_1,smt-25,solve,5,SAT
FASTJSON-59_1,smt-32,check,0,false
FASTJSON-59_1,smt-32,solve,3,SAT
FASTJSON-59_1,smt-99,check,0,false
FASTJSON-59_1,smt-99,solve,8,SAT
FASTJSON-59_1,smt-43,check,0,false
FASTJSON-59_1,smt-43,solve,4,SAT
FASTJSON-59_1,smt-47,check,0,false
FASTJSON-59_1,smt-47,solve,5,SAT
FASTJSON-59_1,smt-101,check,0,false
FASTJSON-59_1,smt-101,solve,6,SAT
FASTJSON-59_1,smt-30,check,0,false
FASTJSON-59_1,smt-30,solve,10,SAT
FASTJSON-59_1,smt-40,check,0,false
FASTJSON-59_1,smt-40,solve,4,SAT
FASTJSON-59_1,smt-20,check,0,false
FASTJSON-59_1,smt-20,solve,7,SAT
FASTJSON-59_1,smt-74,check,0,false
FASTJSON-59_1,smt-74,solve,7,SAT
FASTJSON-59_1,smt-69,check,0,false
FASTJSON-59_1,smt-69,solve,5,SAT
FASTJSON-59_1,smt-3,check,0,false
FASTJSON-59_1,smt-3,solve,3,SAT
FASTJSON-59_1,smt-81,check,0,false
FASTJSON-59_1,smt-81,solve,5,SAT
FASTJSON-59_1,smt-10,check,0,false
FASTJSON-59_1,smt-10,solve,9,SAT
FASTJSON-59_1,smt-49,check,0,false
FASTJSON-59_1,smt-49,solve,12,SAT
FASTJSON-59_1,smt-83,check,0,false
FASTJSON-59_1,smt-83,solve,7,SAT
FASTJSON-59_1,smt-13,check,0,false
FASTJSON-59_1,smt-13,solve,2,SAT
FASTJSON-59_1,smt-102,check,0,false
FASTJSON-59_1,smt-102,solve,3,SAT
FASTJSON-59_1,smt-17,check,0,false
FASTJSON-59_1,smt-17,solve,12,SAT
FASTJSON-59_1,smt-21,check,0,false
FASTJSON-59_1,smt-21,solve,3,SAT
FASTJSON-59_1,smt-58,check,0,false
FASTJSON-59_1,smt-58,solve,7,SAT
FASTJSON-59_1,smt-51,check,0,false
FASTJSON-59_1,smt-51,solve,14,SAT
FASTJSON-59_1,smt-71,check,0,false
FASTJSON-59_1,smt-71,solve,10,SAT
FASTJSON-59_1,smt-26,check,0,false
FASTJSON-59_1,smt-26,solve,10,SAT
FASTJSON-59_1,smt-52,check,0,false
FASTJSON-59_1,smt-52,solve,4,SAT
FASTJSON-59_1,smt-39,check,0,false
FASTJSON-59_1,smt-39,solve,10,SAT
SPOON-151_1,smt-222,solve,5002,UNKNOWN
FASTJSON-59_1,smt-46,check,0,false
SPOON-151_1,smt-570,check,1,true
FASTJSON-59_1,smt-46,solve,12,SAT
SPOON-151_1,smt-446,check,1,true
FASTJSON-59_1,smt-2,check,0,false
SPOON-151_1,smt-1021,check,6,false
FASTJSON-59_1,smt-2,solve,8,SAT
FASTJSON-59_1,smt-79,check,0,false
FASTJSON-59_1,smt-79,solve,7,SAT
FASTJSON-59_1,smt-8,check,0,false
FASTJSON-59_1,smt-8,solve,4,SAT
FASTJSON-59_1,smt-19,check,0,false
FASTJSON-59_1,smt-19,solve,5,SAT
FASTJSON-59_1,smt-95,check,0,false
FASTJSON-59_1,smt-95,solve,3,SAT
SPOON-151_1,smt-1021,solve,58,UNSAT
SPOON-151_1,smt-1021,update,0,
FASTJSON-59_1,smt-84,check,0,false
SPOON-151_1,smt-919,check,2,true
FASTJSON-59_1,smt-84,solve,14,SAT
FASTJSON-59_1,smt-78,check,0,false
SPOON-151_1,smt-55,check,1,true
SPOON-151_1,smt-184,check,1,true
FASTJSON-59_1,smt-78,solve,9,SAT
FASTJSON-59_1,smt-80,check,0,false
SPOON-151_1,smt-181,check,0,true
SPOON-151_1,smt-344,check,6,true
SPOON-151_1,smt-1100,check,0,true
SPOON-151_1,smt-213,check,1,true
FASTJSON-59_1,smt-80,solve,8,SAT
FASTJSON-59_1,smt-33,check,0,false
SPOON-151_1,smt-1130,check,1,true
FASTJSON-59_1,smt-33,solve,7,SAT
SPOON-151_1,smt-109,check,1,false
FASTJSON-59_1,smt-73,check,0,false
FASTJSON-59_1,smt-73,solve,5,SAT
FASTJSON-59_1,smt-105,check,0,false
FASTJSON-59_1,smt-105,solve,8,SAT
FASTJSON-59_1,smt-107,check,0,false
SPOON-151_1,smt-109,solve,24,UNSAT
SPOON-151_1,smt-109,update,0,
FASTJSON-59_1,smt-107,solve,5,SAT
FASTJSON-59_1,smt-93,check,0,false
SPOON-151_1,smt-1061,check,4,false
FASTJSON-32_1,smt-32,solve,5003,UNKNOWN
FASTJSON-59_1,smt-93,solve,7,SAT
FASTJSON-59_1,smt-70,check,0,false
FASTJSON-59_1,smt-70,solve,5,SAT
FASTJSON-59_1,smt-96,check,0,false
FASTJSON-59_1,smt-96,solve,7,SAT
FASTJSON-59_1,smt-91,check,0,false
FASTJSON-59_1,smt-91,solve,5,SAT
FASTJSON-59_1,smt-35,check,0,false
FASTJSON-32_1,smt-99,check,5,false
FASTJSON-59_1,smt-35,solve,2,SAT
FASTJSON-59_1,smt-98,check,0,false
FASTJSON-59_1,smt-98,solve,4,SAT
FASTJSON-59_1,smt-56,check,0,false
FASTJSON-59_1,smt-56,solve,14,SAT
FASTJSON-59_1,smt-28,check,0,false
FASTJSON-59_1,smt-28,solve,3,SAT
FASTJSON-59_1,smt-34,check,0,false
FASTJSON-59_1,smt-34,solve,7,SAT
FASTJSON-59_1,smt-68,check,0,false
FASTJSON-19_1,smt-112,solve,3683,SAT
FASTJSON-59_1,smt-68,solve,10,SAT
FASTJSON-59_1,smt-11,check,0,false
FASTJSON-59_1,smt-11,solve,3,SAT
FASTJSON-59_1,smt-50,check,0,false
FASTJSON-59_1,smt-50,solve,3,SAT
FASTJSON-59_1,smt-44,check,0,false
FASTJSON-59_1,smt-44,solve,3,SAT
FASTJSON-59_1,smt-16,check,0,false
FASTJSON-59_1,smt-16,solve,9,SAT
FASTJSON-59_1,smt-94,check,0,false
FASTJSON-59_1,smt-94,solve,7,SAT
FASTJSON-59_1,smt-9,check,0,false
FASTJSON-32_1,smt-99,solve,159,UNSAT
FASTJSON-32_1,smt-99,update,0,
FASTJSON-19_1,smt-6,check,0,false
FASTJSON-59_1,smt-9,solve,6,SAT
FASTJSON-19_1,smt-6,solve,3,SAT
FASTJSON-19_1,smt-103,check,0,false
FASTJSON-59_1,smt-12,check,0,false
FASTJSON-32_1,smt-43,check,3,false
FASTJSON-59_1,smt-12,solve,10,SAT
FASTJSON-19_1,smt-103,solve,9,UNSAT
FASTJSON-19_1,smt-103,update,0,
FASTJSON-59_1,smt-61,check,0,false
SPOON-151_1,smt-1061,solve,601,SAT
FASTJSON-19_1,smt-126,check,0,false
FASTJSON-59_1,smt-61,solve,4,SAT
FASTJSON-59_1,smt-108,check,0,false
SPOON-151_1,smt-511,check,1,true
FASTJSON-59_1,smt-108,solve,7,SAT
SPOON-151_1,smt-553,check,4,false
FASTJSON-59_1,smt-22,check,0,false
FASTJSON-59_1,smt-22,solve,3,SAT
FASTJSON-59_1,smt-62,check,0,false
FASTJSON-59_1,smt-62,solve,5,SAT
FASTJSON-59_1,smt-63,check,0,false
FASTJSON-59_1,smt-63,solve,6,SAT
FASTJSON-59_1,smt-41,check,0,false
FASTJSON-59_1,smt-41,solve,3,SAT
FASTJSON-59_1,smt-72,check,0,false
FASTJSON-59_1,smt-72,solve,2,SAT
FASTJSON-59_1,smt-6,check,0,false
FASTJSON-59_1,smt-6,solve,3,SAT
FASTJSON-59_1,smt-103,check,0,false
FASTJSON-59_1,smt-103,solve,7,SAT
FASTJSON-59_1,smt-29,check,0,false
FASTJSON-59_1,smt-29,solve,7,SAT
FASTJSON-59_1,smt-5,check,0,false
FASTJSON-59_1,smt-5,solve,10,SAT
FASTJSON-59_1,smt-86,check,0,false
FASTJSON-59_1,smt-86,solve,6,SAT
FASTJSON-59_1,smt-106,check,0,false
FASTJSON-59_1,smt-106,solve,2,UNSAT
FASTJSON-59_1,smt-106,update,0,
FASTJSON-59_1,smt-15,check,0,false
FASTJSON-59_1,smt-15,solve,11,SAT
FASTJSON-59_1,smt-14,check,0,false
SPOON-151_1,smt-553,solve,395,SAT
SPOON-151_1,smt-1122,check,0,true
SPOON-151_1,smt-1004,check,0,true
SPOON-151_1,smt-666,check,4,false
FASTJSON-59_1,smt-14,solve,15,SAT
FASTJSON-59_1,smt-65,check,0,false
FASTJSON-59_1,smt-65,solve,6,SAT
FASTJSON-59_1,smt-54,check,0,false
FASTJSON-59_1,smt-54,solve,4,SAT
FASTJSON-59_1,smt-55,check,0,false
FASTJSON-59_1,smt-55,solve,3,SAT
FASTJSON-59_1,smt-109,check,0,false
FASTJSON-59_1,smt-109,solve,7,SAT
FASTJSON-59_1,smt-23,check,0,false
SPOON-151_1,smt-666,solve,51,UNSAT
SPOON-151_1,smt-666,update,0,
FASTJSON-59_1,smt-23,solve,4,SAT
SPOON-151_1,smt-481,check,0,true
FASTJSON-59_1,smt-77,check,0,false
FASTJSON-59_1,smt-77,solve,5,SAT
SPOON-151_1,smt-1062,check,1,true
FASTJSON-26_1,smt-204,solve,5003,UNKNOWN
SPOON-151_1,smt-165,check,3,false
GUAVA-85_1,smt-57,check,0,false
FASTJSON-50_1,smt-29,solve,4381,SAT
FASTJSON-26_1,smt-235,check,15,false
GUAVA-85_1,smt-57,solve,38,UNSAT
GUAVA-85_1,smt-57,update,0,
GUAVA-85_1,smt-90,check,0,false
FASTJSON-50_1,smt-5,check,0,false
SPOON-107_1,smt-72,solve,5002,UNKNOWN
FASTJSON-50_1,smt-5,solve,17,SAT
GUAVA-85_1,smt-90,solve,24,UNSAT
FASTJSON-50_1,smt-178,check,4,false
GUAVA-85_1,smt-90,update,0,
GUAVA-85_1,smt-37,check,0,false
SPOON-107_1,smt-6,check,0,false
FASTJSON-26_1,smt-235,solve,101,UNSAT
FASTJSON-26_1,smt-235,update,0,
SPOON-107_1,smt-6,solve,73,SAT
FASTJSON-26_1,smt-233,check,26,false
SPOON-107_1,smt-29,check,0,false
SPOON-11_1,smt-14,solve,5004,UNKNOWN
SPOON-151_1,smt-165,solve,735,SAT
SPOON-151_1,smt-413,check,3,true
SPOON-151_1,smt-977,check,0,true
SPOON-151_1,smt-538,check,1,true
SPOON-151_1,smt-993,check,5,false
SEATA-32_1,smt-1,check,0,false
SPOON-107_1,smt-29,solve,385,SAT
SPOON-107_1,smt-5,check,0,false
FASTJSON-26_1,smt-233,solve,186,UNSAT
FASTJSON-26_1,smt-233,update,0,
SPOON-151_1,smt-993,solve,68,UNSAT
SPOON-151_1,smt-993,update,0,
GUAVA-85_1,smt-37,solve,217,UNSAT
GUAVA-85_1,smt-37,update,0,
SPOON-151_1,smt-756,check,0,true
SPOON-151_1,smt-193,check,1,true
FASTJSON-26_1,smt-145,check,14,false
SPOON-151_1,smt-951,check,1,true
SPOON-151_1,smt-398,check,1,true
GUAVA-85_1,smt-1,check,0,false
SPOON-151_1,smt-369,check,1,true
SPOON-151_1,smt-750,check,0,true
SPOON-151_1,smt-456,check,1,true
SPOON-107_1,smt-5,solve,218,SAT
SPOON-151_1,smt-427,check,0,true
SPOON-107_1,smt-86,check,0,false
SPOON-151_1,smt-475,check,4,true
SPOON-151_1,smt-604,check,8,false
GUAVA-85_1,smt-1,solve,220,SAT
FASTJSON-26_1,smt-145,solve,117,UNSAT
FASTJSON-26_1,smt-145,update,0,
SPOON-151_1,smt-604,solve,59,UNSAT
SPOON-151_1,smt-604,update,0,
SPOON-151_1,smt-732,check,7,true
FASTJSON-26_1,smt-221,check,11,false
GUAVA-85_1,smt-87,check,3,false
SPOON-151_1,smt-23,check,0,true
SPOON-151_1,smt-1165,check,0,true
SPOON-151_1,smt-983,check,0,true
SPOON-151_1,smt-949,check,0,true
SPOON-151_1,smt-77,check,2,false
FASTJSON-26_1,smt-221,solve,197,UNSAT
FASTJSON-26_1,smt-221,update,0,
SPOON-151_1,smt-77,solve,275,SAT
SPOON-151_1,smt-442,check,7,false
FASTJSON-26_1,smt-131,check,10,true
FASTJSON-26_1,smt-65,check,1,false
SPOON-107_1,smt-86,solve,814,SAT
SPOON-107_1,smt-15,check,0,false
FASTJSON-26_1,smt-65,solve,88,SAT
FASTJSON-26_1,smt-113,check,15,false
SPOON-107_1,smt-15,solve,148,SAT
SPOON-107_1,smt-14,check,0,false
SPOON-151_1,smt-442,solve,816,SAT
SPOON-151_1,smt-1099,check,1,true
SPOON-151_1,smt-1079,check,8,false
SPOON-107_1,smt-14,solve,653,SAT
GUAVA-85_1,smt-87,solve,318,UNSAT
GUAVA-85_1,smt-87,update,0,
FASTJSON-19_1,smt-126,solve,3986,SAT
SPOON-107_1,smt-65,check,0,false
GUAVA-85_1,smt-31,check,0,false
GUAVA-85_1,smt-31,solve,19,UNSAT
GUAVA-85_1,smt-31,update,0,
FASTJSON-19_1,smt-29,check,0,false
FASTJSON-19_1,smt-29,solve,12,SAT
FASTJSON-19_1,smt-5,check,0,false
FASTJSON-19_1,smt-5,solve,2,SAT
GUAVA-85_1,smt-89,check,8,false
FASTJSON-19_1,smt-135,check,0,false
SEATA-32_1,smt-1,solve,2497,SAT
FASTJSON-19_1,smt-135,solve,27,SAT
FASTJSON-19_1,smt-143,check,0,false
SPOON-151_1,smt-1079,solve,508,SAT
GUAVA-45_1,smt-57,check,0,false
GUAVA-45_1,smt-57,solve,3,SAT
SEATA-32_1,smt-7,check,0,false
SEATA-32_1,smt-7,solve,8,UNSAT
SEATA-32_1,smt-7,update,0,
SEATA-32_1,smt-18,check,0,false
GUAVA-45_1,smt-90,check,0,false
SEATA-32_1,smt-18,solve,103,UNSAT
SEATA-32_1,smt-18,update,0,
SEATA-32_1,smt-4,check,0,false
SEATA-32_1,smt-4,solve,22,SAT
SEATA-32_1,smt-3,check,0,false
FASTJSON-32_1,smt-43,solve,5003,UNKNOWN
FASTJSON-32_1,smt-47,check,4,false
SPOON-107_1,smt-65,solve,1377,SAT
SPOON-107_1,smt-54,check,0,false
FASTJSON-32_1,smt-47,solve,158,UNSAT
FASTJSON-32_1,smt-47,update,0,
FASTJSON-32_1,smt-124,check,4,false
SPOON-107_1,smt-54,solve,180,SAT
SPOON-107_1,smt-55,check,0,false
SPOON-107_1,smt-55,solve,3,SAT
SPOON-107_1,smt-23,check,0,false
FASTJSON-32_1,smt-124,solve,153,UNSAT
FASTJSON-32_1,smt-124,update,0,
FASTJSON-32_1,smt-116,check,4,false
FASTJSON-50_1,smt-178,solve,5002,UNKNOWN
FASTJSON-50_1,smt-135,check,0,false
SPOON-107_1,smt-23,solve,524,SAT
FASTJSON-50_1,smt-135,solve,3,SAT
FASTJSON-50_1,smt-143,check,0,false
GUAVA-85_1,smt-89,solve,446,UNSAT
GUAVA-85_1,smt-89,update,0,
FASTJSON-50_1,smt-143,solve,4,SAT
SPOON-107_1,smt-77,check,0,false
FASTJSON-50_1,smt-86,check,0,false
GUAVA-85_1,smt-53,check,1,false
FASTJSON-32_1,smt-116,solve,198,UNSAT
FASTJSON-32_1,smt-116,update,0,
FASTJSON-32_1,smt-101,check,4,false
FASTJSON-32_1,smt-101,solve,170,UNSAT
FASTJSON-32_1,smt-101,update,0,
GUAVA-85_1,smt-53,solve,133,UNSAT
GUAVA-85_1,smt-53,update,0,
GUAVA-85_1,smt-7,check,0,false
FASTJSON-32_1,smt-30,check,8,false
GUAVA-85_1,smt-7,solve,52,SAT
GUAVA-85_1,smt-27,check,1,false
FASTJSON-50_1,smt-86,solve,992,SAT
FASTJSON-50_1,smt-245,check,0,false
FASTJSON-50_1,smt-245,solve,3,SAT
FASTJSON-50_1,smt-185,check,0,false
FASTJSON-50_1,smt-185,solve,14,SAT
FASTJSON-50_1,smt-106,check,0,false
FASTJSON-50_1,smt-106,solve,3,SAT
FASTJSON-50_1,smt-15,check,1,false
FASTJSON-26_1,smt-113,solve,5002,UNKNOWN
FASTJSON-26_1,smt-54,check,15,false
FASTJSON-19_1,smt-143,solve,3825,SAT
FASTJSON-19_1,smt-86,check,0,false
SEATA-32_1,smt-3,solve,3468,SAT
FASTJSON-19_1,smt-86,solve,17,SAT
FASTJSON-19_1,smt-106,check,0,false
FASTJSON-19_1,smt-106,solve,8,UNSAT
FASTJSON-19_1,smt-106,update,0,
FASTJSON-19_1,smt-15,check,0,false
SEATA-32_1,smt-10,check,0,false
SEATA-32_1,smt-10,solve,75,UNSAT
SEATA-32_1,smt-10,update,0,
FASTJSON-50_1,smt-15,solve,1090,SAT
SEATA-32_1,smt-13,check,0,false
FASTJSON-32_1,smt-30,solve,1465,UNSAT
FASTJSON-32_1,smt-30,update,0,
FASTJSON-50_1,smt-189,check,0,false
FASTJSON-32_1,smt-40,check,5,false
SEATA-32_1,smt-13,solve,76,UNSAT
SEATA-32_1,smt-13,update,0,
FASTJSON-26_1,smt-54,solve,826,SAT
SEATA-32_1,smt-17,check,0,false
FASTJSON-50_1,smt-189,solve,161,SAT
FASTJSON-50_1,smt-195,check,0,false
FASTJSON-50_1,smt-195,solve,4,SAT
FASTJSON-50_1,smt-210,check,2,false
FASTJSON-26_1,smt-222,check,5,true
FASTJSON-26_1,smt-55,check,0,false
FASTJSON-26_1,smt-55,solve,4,SAT
FASTJSON-26_1,smt-184,check,18,false
SEATA-32_1,smt-17,solve,97,UNSAT
SEATA-32_1,smt-17,update,0,
FASTJSON-19_1,smt-15,solve,831,SAT
FASTJSON-32_1,smt-40,solve,164,UNSAT
FASTJSON-32_1,smt-40,update,0,
SEATA-32_1,smt-2,check,0,false
FASTJSON-19_1,smt-14,check,0,false
FASTJSON-32_1,smt-111,check,3,false
FASTJSON-19_1,smt-14,solve,6,SAT
FASTJSON-19_1,smt-131,check,0,false
GUAVA-45_1,smt-90,solve,3351,SAT
FASTJSON-26_1,smt-184,solve,232,UNSAT
FASTJSON-26_1,smt-184,update,0,
FASTJSON-32_1,smt-111,solve,152,UNSAT
FASTJSON-32_1,smt-111,update,0,
FASTJSON-26_1,smt-181,check,1,false
FASTJSON-32_1,smt-20,check,4,false
FASTJSON-26_1,smt-181,solve,63,SAT
FASTJSON-26_1,smt-213,check,1,false
FASTJSON-26_1,smt-213,solve,70,SAT
FASTJSON-26_1,smt-109,check,16,false
GUAVA-45_1,smt-37,check,0,false
FASTJSON-32_1,smt-20,solve,208,UNSAT
FASTJSON-32_1,smt-20,update,0,
FASTJSON-32_1,smt-74,check,3,false
FASTJSON-32_1,smt-74,solve,171,UNSAT
FASTJSON-32_1,smt-74,update,0,
SEATA-32_1,smt-2,solve,1508,SAT
FASTJSON-32_1,smt-69,check,2,false
SEATA-32_1,smt-8,check,0,false
SPOON-107_1,smt-77,solve,5002,UNKNOWN
FASTJSON-64_1,smt-1,check,0,false
FASTJSON-64_1,smt-1,solve,2,SAT
FASTJSON-64_1,smt-31,check,0,false
FASTJSON-64_1,smt-31,solve,2,SAT
SEATA-32_1,smt-8,solve,80,UNSAT
SEATA-32_1,smt-8,update,0,
FASTJSON-64_1,smt-7,check,0,false
FASTJSON-64_1,smt-7,solve,3,UNSAT
FASTJSON-64_1,smt-7,update,0,
FASTJSON-64_1,smt-27,check,0,false
SEATA-32_1,smt-11,check,0,false
FASTJSON-64_1,smt-27,solve,3,UNSAT
FASTJSON-64_1,smt-27,update,0,
FASTJSON-64_1,smt-18,check,0,false
FASTJSON-64_1,smt-18,solve,6,SAT
FASTJSON-64_1,smt-4,check,0,false
SEATA-32_1,smt-11,solve,71,UNSAT
SEATA-32_1,smt-11,update,0,
SEATA-32_1,smt-16,check,0,false
GUAVA-45_1,smt-37,solve,587,SAT
FASTJSON-64_1,smt-4,solve,131,UNSAT
FASTJSON-64_1,smt-4,update,0,
FASTJSON-64_1,smt-24,check,0,false
FASTJSON-64_1,smt-24,solve,3,SAT
FASTJSON-64_1,smt-25,check,0,false
GUAVA-45_1,smt-1,check,0,false
SEATA-32_1,smt-16,solve,92,UNSAT
SEATA-32_1,smt-16,update,0,
FASTJSON-64_1,smt-25,solve,9,SAT
FASTJSON-64_1,smt-32,check,0,false
SEATA-32_1,smt-9,check,0,false
FASTJSON-64_1,smt-32,solve,7,UNSAT
FASTJSON-64_1,smt-32,update,0,
GUAVA-45_1,smt-1,solve,17,UNSAT
GUAVA-45_1,smt-1,update,0,
FASTJSON-64_1,smt-30,check,0,true
FASTJSON-64_1,smt-20,check,0,false
GUAVA-45_1,smt-87,check,0,false
FASTJSON-64_1,smt-20,solve,8,SAT
FASTJSON-64_1,smt-3,check,0,false
FASTJSON-64_1,smt-3,solve,4,SAT
FASTJSON-64_1,smt-10,check,0,false
FASTJSON-64_1,smt-10,solve,3,SAT
FASTJSON-64_1,smt-13,check,0,false
FASTJSON-64_1,smt-13,solve,4,SAT
FASTJSON-64_1,smt-17,check,0,false
FASTJSON-64_1,smt-17,solve,3,SAT
FASTJSON-64_1,smt-21,check,0,false
FASTJSON-64_1,smt-21,solve,7,SAT
FASTJSON-64_1,smt-26,check,0,false
SEATA-32_1,smt-9,solve,89,UNSAT
SEATA-32_1,smt-9,update,0,
FASTJSON-64_1,smt-26,solve,8,SAT
FASTJSON-64_1,smt-2,check,0,false
SEATA-32_1,smt-12,check,0,false
FASTJSON-64_1,smt-2,solve,3,SAT
FASTJSON-64_1,smt-8,check,0,false
FASTJSON-64_1,smt-8,solve,4,SAT
FASTJSON-64_1,smt-19,check,0,false
FASTJSON-64_1,smt-19,solve,9,SAT
FASTJSON-64_1,smt-28,check,0,false
FASTJSON-64_1,smt-28,solve,3,UNSAT
FASTJSON-64_1,smt-28,update,0,
FASTJSON-64_1,smt-11,check,0,false
FASTJSON-64_1,smt-11,solve,5,SAT
FASTJSON-64_1,smt-16,check,0,false
FASTJSON-64_1,smt-16,solve,4,UNSAT
FASTJSON-64_1,smt-16,update,0,
FASTJSON-64_1,smt-9,check,0,false
FASTJSON-64_1,smt-9,solve,4,SAT
FASTJSON-64_1,smt-12,check,0,false
FASTJSON-64_1,smt-12,solve,3,SAT
SEATA-32_1,smt-12,solve,87,UNSAT
SEATA-32_1,smt-12,update,0,
GUAVA-85_1,smt-27,solve,5003,UNKNOWN
FASTJSON-64_1,smt-22,check,0,false
SEATA-32_1,smt-6,check,0,false
SEATA-32_1,smt-6,solve,2,SAT
SEATA-32_1,smt-5,check,0,false
GUAVA-85_1,smt-75,check,3,false
GUAVA-45_1,smt-87,solve,315,SAT
GUAVA-45_1,smt-31,check,0,false
GUAVA-45_1,smt-31,solve,4,SAT
GUAVA-45_1,smt-89,check,0,false
FASTJSON-19_1,smt-131,solve,3837,SAT
FASTJSON-19_1,smt-65,check,0,false
FASTJSON-19_1,smt-65,solve,66,UNSAT
FASTJSON-19_1,smt-65,update,0,
FASTJSON-19_1,smt-113,check,0,false
FASTJSON-50_1,smt-210,solve,5003,UNKNOWN
FASTJSON-64_1,smt-22,solve,1591,SAT
FASTJSON-50_1,smt-254,check,0,false
FASTJSON-50_1,smt-254,solve,7,SAT
FASTJSON-50_1,smt-243,check,3,false
FASTJSON-64_1,smt-6,check,0,false
FASTJSON-64_1,smt-6,solve,7,SAT
FASTJSON-64_1,smt-29,check,0,false
GUAVA-45_1,smt-89,solve,665,SAT
FASTJSON-64_1,smt-29,solve,4,SAT
FASTJSON-64_1,smt-5,check,0,false
FASTJSON-64_1,smt-5,solve,2,SAT
FASTJSON-64_1,smt-15,check,0,false
FASTJSON-64_1,smt-15,solve,3,SAT
FASTJSON-64_1,smt-14,check,0,false
FASTJSON-64_1,smt-14,solve,5,SAT
FASTJSON-64_1,smt-23,check,0,false
FASTJSON-64_1,smt-23,solve,2,SAT
FASTJSON-50_1,smt-243,solve,183,UNSAT
FASTJSON-50_1,smt-243,update,0,
FASTJSON-50_1,smt-252,check,2,false
GUAVA-45_1,smt-53,check,2,false
FASTJSON-26_1,smt-109,solve,5002,UNKNOWN
FASTJSON-26_1,smt-165,check,26,false
FASTJSON-32_1,smt-69,solve,5003,UNKNOWN
FASTJSON-32_1,smt-3,check,10,false
FASTJSON-32_1,smt-3,solve,206,UNSAT
FASTJSON-32_1,smt-3,update,0,
FASTJSON-32_1,smt-81,check,7,false
FASTJSON-32_1,smt-81,solve,131,UNSAT
FASTJSON-32_1,smt-81,update,0,
FASTJSON-32_1,smt-114,check,9,false
SEATA-32_1,smt-5,solve,4782,SAT
SEATA-32_1,smt-15,check,0,false
FASTJSON-19_1,smt-113,solve,3883,SAT
SEATA-32_1,smt-15,solve,61,UNSAT
SEATA-32_1,smt-15,update,0,
SEATA-32_1,smt-14,check,0,false
FASTJSON-32_1,smt-114,solve,218,UNSAT
FASTJSON-32_1,smt-114,update,0,
SEATA-32_1,smt-14,solve,15,SAT
SPOON-101_1,smt-1,check,0,false
SPOON-101_1,smt-1,solve,5,SAT
FASTJSON-19_1,smt-54,check,0,false
SPOON-101_1,smt-7,check,0,false
FASTJSON-32_1,smt-10,check,5,false
SPOON-101_1,smt-7,solve,3,SAT
SPOON-101_1,smt-27,check,0,false
FASTJSON-19_1,smt-54,solve,12,SAT
SPOON-101_1,smt-27,solve,3,UNSAT
SPOON-101_1,smt-27,update,0,
FASTJSON-19_1,smt-55,check,0,false
SPOON-101_1,smt-18,check,0,false
FASTJSON-19_1,smt-55,solve,13,UNSAT
FASTJSON-19_1,smt-55,update,0,
SPOON-101_1,smt-18,solve,10,UNSAT
SPOON-101_1,smt-18,update,0,
SPOON-101_1,smt-4,check,0,false
FASTJSON-19_1,smt-109,check,1,false
SPOON-101_1,smt-4,solve,7,SAT
GUAVA-85_1,smt-75,solve,5002,UNKNOWN
GUAVA-85_1,smt-67,check,1,false
SPOON-165_1,smt-37,check,0,false
GUAVA-85_1,smt-67,solve,140,UNSAT
GUAVA-85_1,smt-67,update,0,
GUAVA-85_1,smt-88,check,18,false
GUAVA-45_1,smt-53,solve,1817,UNSAT
GUAVA-45_1,smt-53,update,0,
SPOON-101_1,smt-24,check,7,false
GUAVA-45_1,smt-7,check,0,false
GUAVA-45_1,smt-7,solve,10,SAT
GUAVA-45_1,smt-27,check,0,false
GUAVA-45_1,smt-27,solve,7,SAT
GUAVA-45_1,smt-75,check,1,false
FASTJSON-50_1,smt-252,solve,5002,UNKNOWN
FASTJSON-50_1,smt-14,check,2,false
FASTJSON-26_1,smt-165,solve,5002,UNKNOWN
FASTJSON-26_1,smt-193,check,3,false
FASTJSON-50_1,smt-14,solve,1051,SAT
FASTJSON-26_1,smt-193,solve,642,SAT
FASTJSON-50_1,smt-200,check,2,false
FASTJSON-26_1,smt-23,check,12,false
FASTJSON-50_1,smt-200,solve,81,UNSAT
FASTJSON-50_1,smt-200,update,0,
GUAVA-45_1,smt-75,solve,753,UNSAT
GUAVA-45_1,smt-75,update,0,
FASTJSON-50_1,smt-204,check,2,false
GUAVA-45_1,smt-67,check,2,false
FASTJSON-50_1,smt-204,solve,121,UNSAT
FASTJSON-50_1,smt-204,update,0,
FASTJSON-50_1,smt-235,check,0,false
FASTJSON-50_1,smt-235,solve,3,SAT
FASTJSON-50_1,smt-233,check,0,false
FASTJSON-50_1,smt-233,solve,12,SAT
FASTJSON-50_1,smt-145,check,0,false
FASTJSON-50_1,smt-145,solve,4,SAT
FASTJSON-50_1,smt-221,check,4,true
FASTJSON-50_1,smt-131,check,0,false
FASTJSON-50_1,smt-131,solve,3,SAT
FASTJSON-50_1,smt-65,check,0,false
FASTJSON-50_1,smt-65,solve,4,SAT
FASTJSON-50_1,smt-113,check,0,false
FASTJSON-19_1,smt-109,solve,4340,SAT
FASTJSON-50_1,smt-113,solve,3,SAT
FASTJSON-50_1,smt-54,check,0,false
FASTJSON-50_1,smt-54,solve,14,SAT
FASTJSON-50_1,smt-222,check,2,false
FASTJSON-19_1,smt-23,check,0,false
FASTJSON-19_1,smt-23,solve,4,SAT
FASTJSON-19_1,smt-77,check,0,false
FASTJSON-19_1,smt-77,solve,20,SAT
FASTJSON-25_1,smt-1,check,0,false
FASTJSON-25_1,smt-1,solve,4,UNSAT
FASTJSON-25_1,smt-1,update,0,
FASTJSON-25_1,smt-4,check,0,false
FASTJSON-25_1,smt-4,solve,3,SAT
FASTJSON-25_1,smt-3,check,0,false
FASTJSON-25_1,smt-3,solve,5,SAT
FASTJSON-25_1,smt-2,check,0,false
FASTJSON-25_1,smt-2,solve,3,SAT
FASTJSON-25_1,smt-5,check,0,false
FASTJSON-25_1,smt-5,solve,3,UNSAT
FASTJSON-25_1,smt-5,update,0,
SEATA-16_1,smt-1,check,0,false
FASTJSON-32_1,smt-10,solve,5002,UNKNOWN
FASTJSON-32_1,smt-49,check,6,false
SEATA-16_1,smt-1,solve,208,SAT
SEATA-16_1,smt-7,check,0,false
SEATA-16_1,smt-7,solve,94,SAT
SEATA-16_1,smt-18,check,0,false
GUAVA-85_1,smt-88,solve,2824,SAT
SEATA-16_1,smt-18,solve,19,UNSAT
SEATA-16_1,smt-18,update,0,
SEATA-16_1,smt-4,check,0,false
FASTJSON-32_1,smt-49,solve,185,UNSAT
FASTJSON-32_1,smt-49,update,0,
GUAVA-85_1,smt-48,check,0,false
FASTJSON-32_1,smt-83,check,7,false
FASTJSON-50_1,smt-222,solve,1032,SAT
SEATA-16_1,smt-4,solve,274,SAT
SEATA-16_1,smt-20,check,0,false
FASTJSON-50_1,smt-55,check,0,false
FASTJSON-50_1,smt-55,solve,10,SAT
FASTJSON-50_1,smt-184,check,4,false
GUAVA-85_1,smt-48,solve,142,SAT
GUAVA-85_1,smt-18,check,0,false
SEATA-16_1,smt-20,solve,212,SAT
SEATA-16_1,smt-3,check,0,false
GUAVA-85_1,smt-18,solve,174,SAT
SEATA-16_1,smt-3,solve,151,SAT
SEATA-16_1,smt-10,check,0,false
FASTJSON-32_1,smt-83,solve,254,UNSAT
FASTJSON-32_1,smt-83,update,0,
GUAVA-85_1,smt-92,check,1,false
SEATA-16_1,smt-10,solve,11,UNSAT
SEATA-16_1,smt-10,update,0,
SEATA-16_1,smt-13,check,0,false
FASTJSON-32_1,smt-13,check,5,false
SEATA-16_1,smt-13,solve,18,UNSAT
SEATA-16_1,smt-13,update,0,
SEATA-16_1,smt-17,check,0,false
SEATA-16_1,smt-17,solve,26,UNSAT
SEATA-16_1,smt-17,update,0,
SEATA-16_1,smt-21,check,0,false
SEATA-16_1,smt-21,solve,189,SAT
SEATA-16_1,smt-2,check,0,false
SEATA-16_1,smt-2,solve,107,SAT
SEATA-16_1,smt-8,check,0,false
SEATA-16_1,smt-8,solve,13,UNSAT
SEATA-16_1,smt-8,update,0,
SEATA-16_1,smt-19,check,0,false
GUAVA-85_1,smt-92,solve,527,SAT
SEATA-16_1,smt-19,solve,34,UNSAT
SEATA-16_1,smt-19,update,0,
SEATA-16_1,smt-11,check,0,false
GUAVA-85_1,smt-100,check,0,false
SEATA-16_1,smt-11,solve,179,SAT
SEATA-16_1,smt-16,check,0,false
SEATA-16_1,smt-16,solve,14,UNSAT
SEATA-16_1,smt-16,update,0,
SEATA-16_1,smt-9,check,0,false
GUAVA-45_1,smt-67,solve,1331,SAT
SEATA-16_1,smt-9,solve,192,SAT
SEATA-16_1,smt-12,check,0,false
GUAVA-85_1,smt-100,solve,339,SAT
GUAVA-85_1,smt-59,check,0,false
GUAVA-45_1,smt-88,check,0,false
SEATA-16_1,smt-12,solve,224,SAT
SEATA-16_1,smt-6,check,0,false
GUAVA-85_1,smt-59,solve,33,UNSAT
GUAVA-85_1,smt-59,update,0,
GUAVA-85_1,smt-42,check,2,false
SEATA-16_1,smt-6,solve,206,SAT
SEATA-16_1,smt-5,check,0,false
SEATA-16_1,smt-5,solve,175,SAT
SEATA-16_1,smt-15,check,0,false
FASTJSON-26_1,smt-23,solve,5002,UNKNOWN
SEATA-16_1,smt-15,solve,16,UNSAT
SEATA-16_1,smt-15,update,0,
SEATA-16_1,smt-14,check,0,false
GUAVA-85_1,smt-42,solve,130,UNSAT
GUAVA-85_1,smt-42,update,0,
FASTJSON-26_1,smt-77,check,16,false
GUAVA-85_1,smt-82,check,0,false
SEATA-16_1,smt-14,solve,187,SAT
GUAVA-110_1,smt-57,check,0,false
GUAVA-110_1,smt-57,solve,2,SAT
GUAVA-45_1,smt-88,solve,350,SAT
GUAVA-110_1,smt-173,check,0,false
GUAVA-85_1,smt-82,solve,137,SAT
GUAVA-85_1,smt-4,check,0,false
GUAVA-45_1,smt-48,check,0,false
FASTJSON-26_1,smt-77,solve,163,UNSAT
FASTJSON-26_1,smt-77,update,0,
FASTJSON-15_1,smt-1,check,0,false
FASTJSON-15_1,smt-1,solve,4,SAT
FASTJSON-15_1,smt-7,check,0,false
GUAVA-45_1,smt-48,solve,105,SAT
GUAVA-85_1,smt-4,solve,241,SAT
GUAVA-45_1,smt-18,check,0,false
GUAVA-85_1,smt-66,check,0,false
GUAVA-45_1,smt-18,solve,11,SAT
GUAVA-85_1,smt-66,solve,29,UNSAT
GUAVA-85_1,smt-66,update,0,
GUAVA-45_1,smt-92,check,0,false
GUAVA-85_1,smt-120,check,1,false
GUAVA-85_1,smt-120,solve,135,UNSAT
GUAVA-85_1,smt-120,update,0,
GUAVA-85_1,smt-121,check,1,false
GUAVA-85_1,smt-121,solve,363,SAT
GUAVA-85_1,smt-85,check,0,false
GUAVA-85_1,smt-85,solve,29,UNSAT
GUAVA-85_1,smt-85,update,0,
GUAVA-85_1,smt-104,check,2,false
FASTJSON-50_1,smt-184,solve,5002,UNKNOWN
FASTJSON-50_1,smt-181,check,0,false
FASTJSON-50_1,smt-181,solve,3,SAT
FASTJSON-50_1,smt-213,check,0,false
FASTJSON-50_1,smt-213,solve,4,SAT
FASTJSON-50_1,smt-109,check,0,false
GUAVA-85_1,smt-104,solve,122,UNSAT
GUAVA-85_1,smt-104,update,0,
FASTJSON-50_1,smt-109,solve,187,SAT
FASTJSON-32_1,smt-13,solve,5002,UNKNOWN
GUAVA-85_1,smt-127,check,11,false
FASTJSON-50_1,smt-165,check,3,false
FASTJSON-32_1,smt-102,check,8,false
SPOON-101_1,smt-24,solve,5215,UNKNOWN
GUAVA-45_1,smt-92,solve,1067,SAT
FASTJSON-32_1,smt-102,solve,203,UNSAT
FASTJSON-32_1,smt-102,update,0,
FASTJSON-50_1,smt-165,solve,439,UNSAT
FASTJSON-50_1,smt-165,update,0,
FASTJSON-50_1,smt-193,check,0,false
FASTJSON-50_1,smt-193,solve,6,SAT
FASTJSON-32_1,smt-17,check,5,false
FASTJSON-50_1,smt-23,check,0,false
GUAVA-45_1,smt-100,check,0,false
FASTJSON-50_1,smt-23,solve,2,SAT
FASTJSON-50_1,smt-77,check,0,false
FASTJSON-50_1,smt-77,solve,4,SAT
SPOON-9_1,smt-57,check,0,false
SPOON-101_1,smt-25,check,2,false
GUAVA-45_1,smt-100,solve,198,UNSAT
GUAVA-45_1,smt-100,update,0,
GUAVA-45_1,smt-59,check,0,false
GUAVA-45_1,smt-59,solve,3,SAT
GUAVA-85_1,smt-127,solve,361,UNSAT
GUAVA-45_1,smt-42,check,1,false
GUAVA-85_1,smt-127,update,0,
GUAVA-85_1,smt-24,check,0,false
GUAVA-85_1,smt-24,solve,27,UNSAT
GUAVA-85_1,smt-24,update,0,
GUAVA-85_1,smt-36,check,0,false
GUAVA-85_1,smt-36,solve,24,UNSAT
GUAVA-85_1,smt-36,update,0,
GUAVA-85_1,smt-76,check,0,false
GUAVA-85_1,smt-76,solve,36,UNSAT
GUAVA-85_1,smt-76,update,0,
GUAVA-110_1,smt-173,solve,5003,UNKNOWN
GUAVA-110_1,smt-90,check,0,false
GUAVA-110_1,smt-90,solve,3,SAT
GUAVA-110_1,smt-191,check,0,false
GUAVA-85_1,smt-97,check,18,false
GUAVA-110_1,smt-191,solve,10,SAT
GUAVA-110_1,smt-37,check,0,false
GUAVA-110_1,smt-37,solve,3,SAT
GUAVA-110_1,smt-1,check,0,false
GUAVA-110_1,smt-1,solve,3,SAT
GUAVA-110_1,smt-142,check,0,false
GUAVA-110_1,smt-142,solve,15,UNSAT
GUAVA-110_1,smt-142,update,0,
GUAVA-110_1,smt-162,check,0,false
GUAVA-110_1,smt-162,solve,10,UNSAT
GUAVA-110_1,smt-162,update,0,
GUAVA-110_1,smt-87,check,0,false
GUAVA-110_1,smt-87,solve,3,SAT
GUAVA-110_1,smt-158,check,0,false
FASTJSON-15_1,smt-7,solve,5002,UNKNOWN
FASTJSON-15_1,smt-4,check,0,false
FASTJSON-15_1,smt-4,solve,4,SAT
FASTJSON-15_1,smt-3,check,0,false
GUAVA-110_1,smt-158,solve,28,UNSAT
GUAVA-110_1,smt-158,update,0,
GUAVA-110_1,smt-31,check,0,false
FASTJSON-15_1,smt-3,solve,26,UNSAT
FASTJSON-15_1,smt-3,update,0,
FASTJSON-15_1,smt-10,check,0,false
GUAVA-110_1,smt-31,solve,71,SAT
GUAVA-110_1,smt-89,check,0,false
GUAVA-110_1,smt-89,solve,2,SAT
GUAVA-110_1,smt-53,check,0,false
GUAVA-110_1,smt-53,solve,33,UNSAT
GUAVA-110_1,smt-53,update,0,
GUAVA-110_1,smt-7,check,0,false
FASTJSON-15_1,smt-10,solve,65,UNSAT
FASTJSON-15_1,smt-10,update,0,
FASTJSON-15_1,smt-13,check,0,false
GUAVA-110_1,smt-7,solve,46,UNSAT
GUAVA-110_1,smt-7,update,0,
GUAVA-110_1,smt-202,check,0,false
GUAVA-45_1,smt-42,solve,1062,SAT
SPOON-165_1,smt-37,solve,5004,UNKNOWN
GUAVA-45_1,smt-82,check,0,false
SPOON-9_1,smt-57,solve,1502,SAT
SPOON-165_1,smt-1,check,0,false
SPOON-165_1,smt-1,solve,57,SAT
SPOON-9_1,smt-37,check,0,false
SPOON-9_1,smt-37,solve,6,UNSAT
SPOON-9_1,smt-37,update,0,
SPOON-9_1,smt-1,check,0,false
SPOON-165_1,smt-31,check,0,false
SPOON-9_1,smt-1,solve,7,SAT
SPOON-9_1,smt-31,check,0,false
SPOON-9_1,smt-31,solve,71,SAT
SPOON-9_1,smt-53,check,0,false
SPOON-9_1,smt-53,solve,5,UNSAT
SPOON-9_1,smt-53,update,0,
SPOON-9_1,smt-7,check,0,false
SPOON-9_1,smt-7,solve,4,SAT
SPOON-9_1,smt-27,check,0,false
SPOON-9_1,smt-27,solve,6,UNSAT
SPOON-9_1,smt-27,update,0,
SPOON-9_1,smt-67,check,8,false
GUAVA-85_1,smt-97,solve,2115,SAT
FASTJSON-32_1,smt-17,solve,5003,UNKNOWN
FASTJSON-32_1,smt-21,check,5,false
GUAVA-85_1,smt-128,check,19,false
GUAVA-45_1,smt-82,solve,635,SAT
FASTJSON-32_1,smt-21,solve,224,UNSAT
FASTJSON-32_1,smt-21,update,0,
GUAVA-45_1,smt-4,check,0,false
GUAVA-45_1,smt-4,solve,4,SAT
FASTJSON-32_1,smt-58,check,6,false
GUAVA-45_1,smt-66,check,1,false
FASTJSON-32_1,smt-58,solve,185,UNSAT
FASTJSON-32_1,smt-58,update,0,
FASTJSON-32_1,smt-51,check,7,false
FASTJSON-32_1,smt-51,solve,199,UNSAT
FASTJSON-32_1,smt-51,update,0,
FASTJSON-32_1,smt-133,check,6,false
FASTJSON-15_1,smt-13,solve,5002,UNKNOWN
GUAVA-110_1,smt-202,solve,5002,UNKNOWN
FASTJSON-15_1,smt-17,check,0,false
GUAVA-110_1,smt-27,check,0,false
SPOON-101_1,smt-25,solve,5363,UNKNOWN
FASTJSON-32_1,smt-133,solve,212,UNSAT
FASTJSON-32_1,smt-133,update,0,
FASTJSON-32_1,smt-71,check,5,false
FASTJSON-32_1,smt-71,solve,166,UNSAT
FASTJSON-32_1,smt-71,update,0,
FASTJSON-32_1,smt-26,check,8,false
SPOON-101_1,smt-20,check,0,false
SPOON-101_1,smt-20,solve,3,SAT
SPOON-101_1,smt-3,check,0,false
SPOON-101_1,smt-3,solve,4,SAT
SPOON-101_1,smt-10,check,0,false
SPOON-101_1,smt-10,solve,5,SAT
SPOON-101_1,smt-13,check,0,false
SPOON-101_1,smt-13,solve,23,UNSAT
SPOON-101_1,smt-13,update,0,
GUAVA-45_1,smt-66,solve,962,SAT
SPOON-101_1,smt-17,check,0,false
SPOON-101_1,smt-17,solve,3,UNSAT
SPOON-101_1,smt-17,update,0,
FASTJSON-32_1,smt-26,solve,153,UNSAT
FASTJSON-32_1,smt-26,update,0,
GUAVA-110_1,smt-27,solve,1253,SAT
FASTJSON-32_1,smt-118,check,7,false
GUAVA-110_1,smt-75,check,0,false
GUAVA-110_1,smt-75,solve,3,UNSAT
GUAVA-110_1,smt-75,update,0,
GUAVA-110_1,smt-67,check,0,false
GUAVA-110_1,smt-67,solve,2,SAT
GUAVA-110_1,smt-147,check,0,false
GUAVA-45_1,smt-85,check,0,false
GUAVA-110_1,smt-147,solve,11,SAT
GUAVA-110_1,smt-88,check,0,false
GUAVA-110_1,smt-88,solve,3,SAT
GUAVA-110_1,smt-167,check,0,false
FASTJSON-32_1,smt-118,solve,143,UNSAT
FASTJSON-32_1,smt-118,update,0,
FASTJSON-32_1,smt-130,check,5,false
FASTJSON-32_1,smt-130,solve,148,UNSAT
FASTJSON-32_1,smt-130,update,0,
FASTJSON-32_1,smt-110,check,9,false
GUAVA-110_1,smt-167,solve,846,SAT
GUAVA-110_1,smt-150,check,0,false
GUAVA-110_1,smt-150,solve,10,UNSAT
GUAVA-110_1,smt-150,update,0,
GUAVA-110_1,smt-48,check,0,false
GUAVA-110_1,smt-48,solve,2,SAT
GUAVA-110_1,smt-18,check,0,false
GUAVA-110_1,smt-18,solve,2,SAT
GUAVA-110_1,smt-92,check,0,false
GUAVA-110_1,smt-92,solve,4,SAT
GUAVA-110_1,smt-100,check,0,false
SPOON-165_1,smt-31,solve,5004,UNKNOWN
GUAVA-110_1,smt-100,solve,5,SAT
GUAVA-110_1,smt-174,check,0,false
GUAVA-45_1,smt-85,solve,572,SAT
FASTJSON-32_1,smt-110,solve,225,UNSAT
FASTJSON-32_1,smt-110,update,0,
FASTJSON-32_1,smt-52,check,7,false
GUAVA-45_1,smt-104,check,2,false
SPOON-165_1,smt-7,check,0,false
SPOON-165_1,smt-7,solve,4,UNSAT
SPOON-165_1,smt-7,update,0,
GUAVA-85_1,smt-128,solve,3228,SAT
SPOON-165_1,smt-27,check,0,false
FASTJSON-32_1,smt-52,solve,149,UNSAT
FASTJSON-32_1,smt-52,update,0,
FASTJSON-32_1,smt-39,check,6,false
GUAVA-85_1,smt-134,check,23,false
FASTJSON-32_1,smt-39,solve,221,UNSAT
FASTJSON-32_1,smt-39,update,0,
FASTJSON-32_1,smt-46,check,6,false
SPOON-165_1,smt-27,solve,601,UNSAT
SPOON-165_1,smt-27,update,0,
SPOON-165_1,smt-18,check,0,false
SPOON-165_1,smt-18,solve,4,SAT
SPOON-165_1,smt-4,check,0,false
SPOON-165_1,smt-4,solve,14,UNSAT
SPOON-165_1,smt-4,update,0,
SPOON-165_1,smt-24,check,0,false
SPOON-165_1,smt-24,solve,4,SAT
SPOON-165_1,smt-36,check,0,false
SPOON-101_1,smt-21,check,28,false
FASTJSON-15_1,smt-17,solve,5003,UNKNOWN
FASTJSON-15_1,smt-2,check,0,false
FASTJSON-15_1,smt-2,solve,3,SAT
FASTJSON-15_1,smt-8,check,0,false
FASTJSON-15_1,smt-8,solve,6,UNSAT
FASTJSON-15_1,smt-8,update,0,
FASTJSON-15_1,smt-11,check,0,false
FASTJSON-15_1,smt-11,solve,7,UNSAT
FASTJSON-15_1,smt-11,update,0,
FASTJSON-15_1,smt-16,check,0,false
FASTJSON-15_1,smt-16,solve,27,UNSAT
FASTJSON-15_1,smt-16,update,0,
FASTJSON-15_1,smt-9,check,0,false
SPOON-9_1,smt-67,solve,3878,SAT
SPOON-9_1,smt-48,check,0,false
SPOON-9_1,smt-48,solve,14,SAT
SPOON-9_1,smt-18,check,0,false
SPOON-9_1,smt-18,solve,53,SAT
SPOON-9_1,smt-59,check,0,false
SPOON-9_1,smt-59,solve,76,SAT
SPOON-9_1,smt-42,check,0,false
SPOON-9_1,smt-42,solve,4,SAT
SPOON-9_1,smt-4,check,0,false
SPOON-9_1,smt-4,solve,2,SAT
SPOON-9_1,smt-66,check,0,false
SPOON-9_1,smt-66,solve,166,SAT
SPOON-9_1,smt-24,check,0,false
SPOON-9_1,smt-24,solve,4,SAT
SPOON-9_1,smt-36,check,0,false
SPOON-9_1,smt-36,solve,15,SAT
GUAVA-110_1,smt-174,solve,5002,UNKNOWN
GUAVA-110_1,smt-59,check,0,false
GUAVA-110_1,smt-59,solve,3,SAT
GUAVA-110_1,smt-141,check,0,false
SPOON-9_1,smt-60,check,12,false
GUAVA-110_1,smt-141,solve,52,UNSAT
GUAVA-110_1,smt-141,update,0,
GUAVA-110_1,smt-42,check,0,false
GUAVA-85_1,smt-134,solve,2892,SAT
GUAVA-85_1,smt-60,check,2,false
GUAVA-110_1,smt-42,solve,1113,SAT
GUAVA-110_1,smt-82,check,0,false
GUAVA-110_1,smt-82,solve,3,SAT
GUAVA-110_1,smt-4,check,0,false
GUAVA-110_1,smt-4,solve,2,SAT
GUAVA-110_1,smt-171,check,0,false
FASTJSON-32_1,smt-46,solve,5003,UNKNOWN
GUAVA-85_1,smt-60,solve,71,UNSAT
GUAVA-85_1,smt-60,update,0,
GUAVA-85_1,smt-38,check,2,false
FASTJSON-32_1,smt-2,check,11,false
GUAVA-85_1,smt-38,solve,112,UNSAT
GUAVA-85_1,smt-38,update,0,
GUAVA-110_1,smt-171,solve,542,SAT
GUAVA-85_1,smt-45,check,0,false
GUAVA-110_1,smt-66,check,0,false
GUAVA-85_1,smt-45,solve,31,UNSAT
GUAVA-85_1,smt-45,update,0,
FASTJSON-32_1,smt-2,solve,264,UNSAT
FASTJSON-32_1,smt-2,update,0,
GUAVA-85_1,smt-64,check,5,false
GUAVA-110_1,smt-66,solve,111,SAT
GUAVA-110_1,smt-120,check,0,false
FASTJSON-32_1,smt-123,check,7,false
GUAVA-110_1,smt-120,solve,27,UNSAT
GUAVA-110_1,smt-120,update,0,
GUAVA-110_1,smt-121,check,0,false
GUAVA-110_1,smt-121,solve,2,SAT
GUAVA-110_1,smt-85,check,0,true
GUAVA-110_1,smt-104,check,0,false
GUAVA-110_1,smt-104,solve,2,SAT
GUAVA-110_1,smt-183,check,0,false
GUAVA-110_1,smt-183,solve,18,UNSAT
GUAVA-110_1,smt-183,update,0,
GUAVA-110_1,smt-199,check,0,false
SPOON-165_1,smt-36,solve,5022,UNKNOWN
GUAVA-45_1,smt-104,solve,5014,UNKNOWN
FASTJSON-15_1,smt-9,solve,5002,UNKNOWN
FASTJSON-32_1,smt-123,solve,195,UNSAT
FASTJSON-32_1,smt-123,update,0,
FASTJSON-15_1,smt-12,check,0,false
FASTJSON-15_1,smt-12,solve,4,SAT
FASTJSON-15_1,smt-6,check,0,false
FASTJSON-15_1,smt-6,solve,2,SAT
FASTJSON-15_1,smt-5,check,0,false
FASTJSON-32_1,smt-79,check,5,false
FASTJSON-32_1,smt-79,solve,98,UNSAT
FASTJSON-32_1,smt-79,update,0,
FASTJSON-32_1,smt-8,check,10,false
GUAVA-45_1,smt-24,check,0,false
SPOON-165_1,smt-38,check,0,false
GUAVA-45_1,smt-24,solve,18,SAT
GUAVA-45_1,smt-36,check,0,false
FASTJSON-32_1,smt-8,solve,201,UNSAT
FASTJSON-32_1,smt-8,update,0,
FASTJSON-32_1,smt-122,check,6,false
GUAVA-45_1,smt-36,solve,197,SAT
GUAVA-45_1,smt-76,check,0,false
FASTJSON-32_1,smt-122,solve,152,UNSAT
FASTJSON-32_1,smt-122,update,0,
FASTJSON-32_1,smt-19,check,15,false
GUAVA-45_1,smt-76,solve,573,UNSAT
GUAVA-45_1,smt-76,update,0,
GUAVA-45_1,smt-97,check,0,false
GUAVA-45_1,smt-97,solve,51,SAT
GUAVA-45_1,smt-60,check,0,false
GUAVA-45_1,smt-60,solve,3,SAT
GUAVA-45_1,smt-38,check,0,false
GUAVA-45_1,smt-38,solve,389,SAT
GUAVA-45_1,smt-45,check,0,false
GUAVA-45_1,smt-45,solve,3,SAT
GUAVA-45_1,smt-64,check,4,false
GUAVA-110_1,smt-199,solve,5002,UNKNOWN
GUAVA-110_1,smt-127,check,0,false
GUAVA-110_1,smt-127,solve,3,SAT
GUAVA-110_1,smt-24,check,0,false
GUAVA-85_1,smt-64,solve,5002,UNKNOWN
FASTJSON-15_1,smt-5,solve,5002,UNKNOWN
GUAVA-85_1,smt-25,check,0,false
FASTJSON-15_1,smt-15,check,0,false
GUAVA-85_1,smt-25,solve,119,SAT
GUAVA-85_1,smt-32,check,5,false
SPOON-165_1,smt-38,solve,5004,UNKNOWN
SPOON-9_1,smt-60,solve,4441,SAT
SPOON-165_1,smt-25,check,0,false
SPOON-165_1,smt-25,solve,3,UNSAT
SPOON-165_1,smt-25,update,0,
SPOON-165_1,smt-32,check,1,false
GUAVA-110_1,smt-24,solve,1977,SAT
GUAVA-110_1,smt-36,check,0,false
FASTJSON-32_1,smt-19,solve,5003,UNKNOWN
GUAVA-110_1,smt-36,solve,57,SAT
GUAVA-110_1,smt-207,check,0,false
FASTJSON-32_1,smt-95,check,7,false
SPOON-9_1,smt-38,check,0,false
SPOON-9_1,smt-38,solve,88,SAT
FASTJSON-32_1,smt-95,solve,141,UNSAT
FASTJSON-32_1,smt-95,update,0,
SPOON-9_1,smt-45,check,0,false
SPOON-9_1,smt-45,solve,6,SAT
FASTJSON-32_1,smt-84,check,7,false
SPOON-9_1,smt-64,check,2,false
FASTJSON-32_1,smt-84,solve,132,UNSAT
FASTJSON-32_1,smt-84,update,0,
FASTJSON-32_1,smt-78,check,7,false
FASTJSON-32_1,smt-78,solve,141,UNSAT
FASTJSON-32_1,smt-78,update,0,
FASTJSON-32_1,smt-80,check,10,false
SPOON-9_1,smt-64,solve,1027,SAT
SPOON-9_1,smt-25,check,0,false
SPOON-9_1,smt-25,solve,52,SAT
SPOON-9_1,smt-32,check,0,false
FASTJSON-15_1,smt-15,solve,5006,UNKNOWN
SPOON-9_1,smt-32,solve,5,UNSAT
SPOON-9_1,smt-32,update,0,
SPOON-9_1,smt-43,check,0,false
FASTJSON-15_1,smt-14,check,0,false
SPOON-9_1,smt-43,solve,11,SAT
SPOON-9_1,smt-47,check,0,false
SPOON-9_1,smt-47,solve,22,SAT
SPOON-9_1,smt-30,check,0,false
SPOON-9_1,smt-30,solve,4,SAT
SPOON-9_1,smt-40,check,0,false
FASTJSON-15_1,smt-14,solve,36,UNSAT
FASTJSON-15_1,smt-14,update,0,
SPOON-9_1,smt-40,solve,3,SAT
SPOON-9_1,smt-20,check,0,false
SPOON-169_1,smt-1,check,0,false
SPOON-9_1,smt-20,solve,2,SAT
SPOON-169_1,smt-1,solve,3,SAT
SPOON-9_1,smt-69,check,0,false
SPOON-169_1,smt-7,check,0,false
SPOON-9_1,smt-69,solve,84,SAT
SPOON-9_1,smt-3,check,0,false
GUAVA-85_1,smt-32,solve,5002,UNKNOWN
SPOON-9_1,smt-3,solve,64,UNSAT
SPOON-9_1,smt-3,update,0,
SPOON-9_1,smt-10,check,0,false
SPOON-9_1,smt-10,solve,4,SAT
SPOON-9_1,smt-49,check,0,false
SPOON-101_1,smt-21,solve,5013,UNKNOWN
SPOON-9_1,smt-49,solve,11,SAT
GUAVA-85_1,smt-99,check,14,false
SPOON-9_1,smt-13,check,0,false
SPOON-9_1,smt-13,solve,3,SAT
SPOON-9_1,smt-17,check,0,false
SPOON-9_1,smt-17,solve,47,SAT
SPOON-9_1,smt-21,check,0,false
SPOON-9_1,smt-21,solve,8,SAT
SPOON-9_1,smt-58,check,16,false
GUAVA-110_1,smt-207,solve,5002,UNKNOWN
GUAVA-110_1,smt-76,check,0,false
GUAVA-110_1,smt-76,solve,3,UNSAT
GUAVA-110_1,smt-76,update,0,
GUAVA-110_1,smt-97,check,0,false
GUAVA-110_1,smt-97,solve,135,SAT
GUAVA-110_1,smt-128,check,0,false
GUAVA-110_1,smt-128,solve,2,SAT
GUAVA-110_1,smt-134,check,0,false
GUAVA-45_1,smt-64,solve,5022,UNKNOWN
SPOON-165_1,smt-32,solve,5018,UNKNOWN
GUAVA-85_1,smt-99,solve,320,UNSAT
GUAVA-85_1,smt-99,update,0,
GUAVA-85_1,smt-43,check,0,false
GUAVA-110_1,smt-134,solve,442,SAT
GUAVA-110_1,smt-60,check,0,false
GUAVA-45_1,smt-25,check,0,false
GUAVA-45_1,smt-25,solve,12,SAT
GUAVA-45_1,smt-32,check,0,false
GUAVA-85_1,smt-43,solve,245,SAT
GUAVA-110_1,smt-60,solve,94,SAT
GUAVA-45_1,smt-32,solve,10,SAT
GUAVA-110_1,smt-144,check,0,true
GUAVA-110_1,smt-38,check,0,false
GUAVA-85_1,smt-47,check,3,false
SPOON-165_1,smt-30,check,0,false
GUAVA-45_1,smt-99,check,2,false
GUAVA-110_1,smt-38,solve,153,SAT
GUAVA-110_1,smt-182,check,0,false
GUAVA-85_1,smt-47,solve,175,UNSAT
GUAVA-85_1,smt-47,update,0,
GUAVA-85_1,smt-124,check,37,false
GUAVA-110_1,smt-182,solve,441,SAT
FASTJSON-32_1,smt-80,solve,5002,UNKNOWN
GUAVA-110_1,smt-175,check,0,false
FASTJSON-32_1,smt-115,check,13,false
SPOON-165_1,smt-30,solve,365,UNSAT
SPOON-165_1,smt-30,update,0,
SPOON-165_1,smt-40,check,0,true
SPOON-165_1,smt-20,check,1,false
FASTJSON-32_1,smt-115,solve,189,UNSAT
FASTJSON-32_1,smt-115,update,0,
FASTJSON-32_1,smt-33,check,6,false
GUAVA-110_1,smt-175,solve,717,SAT
GUAVA-110_1,smt-45,check,0,false
GUAVA-110_1,smt-45,solve,2,SAT
GUAVA-110_1,smt-64,check,0,false
GUAVA-110_1,smt-64,solve,3,UNSAT
GUAVA-110_1,smt-64,update,0,
GUAVA-110_1,smt-25,check,0,false
GUAVA-110_1,smt-25,solve,2,SAT
GUAVA-110_1,smt-32,check,0,false
GUAVA-110_1,smt-32,solve,2,SAT
GUAVA-110_1,smt-99,check,0,false
GUAVA-110_1,smt-99,solve,2,SAT
GUAVA-110_1,smt-43,check,0,false
GUAVA-110_1,smt-43,solve,213,SAT
GUAVA-110_1,smt-47,check,0,false
GUAVA-110_1,smt-47,solve,2,SAT
GUAVA-110_1,smt-156,check,0,false
GUAVA-110_1,smt-156,solve,5,SAT
GUAVA-110_1,smt-124,check,0,false
GUAVA-110_1,smt-124,solve,3,SAT
GUAVA-110_1,smt-154,check,0,false
SPOON-165_1,smt-20,solve,382,UNSAT
SPOON-165_1,smt-20,update,0,
SPOON-165_1,smt-3,check,0,false
GUAVA-110_1,smt-154,solve,29,UNSAT
GUAVA-110_1,smt-154,update,0,
GUAVA-110_1,smt-116,check,0,false
GUAVA-110_1,smt-116,solve,2,UNSAT
GUAVA-110_1,smt-116,update,0,
SPOON-165_1,smt-3,solve,9,UNSAT
SPOON-165_1,smt-3,update,0,
GUAVA-110_1,smt-101,check,0,false
SPOON-165_1,smt-10,check,0,false
SPOON-165_1,smt-10,solve,4,UNSAT
SPOON-165_1,smt-10,update,0,
SPOON-165_1,smt-13,check,0,false
SPOON-165_1,smt-13,solve,3,SAT
SPOON-165_1,smt-17,check,1,false
SPOON-101_1,smt-26,check,25,false
SPOON-169_1,smt-7,solve,5004,UNKNOWN
GUAVA-85_1,smt-124,solve,727,UNSAT
GUAVA-85_1,smt-124,update,0,
SPOON-169_1,smt-4,check,0,false
SPOON-169_1,smt-4,solve,5,UNSAT
SPOON-169_1,smt-4,update,0,
SPOON-169_1,smt-3,check,0,false
GUAVA-85_1,smt-116,check,11,false
SPOON-169_1,smt-3,solve,4,SAT
SPOON-169_1,smt-10,check,0,false
SPOON-169_1,smt-10,solve,145,UNSAT
SPOON-169_1,smt-10,update,0,
SPOON-169_1,smt-13,check,0,false
GUAVA-110_1,smt-101,solve,2677,SAT
GUAVA-110_1,smt-30,check,0,false
GUAVA-110_1,smt-30,solve,3,SAT
GUAVA-110_1,smt-138,check,0,false
GUAVA-110_1,smt-138,solve,11,UNSAT
GUAVA-110_1,smt-138,update,0,
GUAVA-110_1,smt-168,check,0,false
GUAVA-85_1,smt-116,solve,980,SAT
GUAVA-85_1,smt-101,check,9,false
GUAVA-110_1,smt-168,solve,1022,SAT
GUAVA-110_1,smt-40,check,0,false
GUAVA-110_1,smt-40,solve,2,SAT
GUAVA-110_1,smt-111,check,0,false
SPOON-169_1,smt-13,solve,949,UNSAT
SPOON-169_1,smt-13,update,0,
GUAVA-110_1,smt-111,solve,81,UNSAT
GUAVA-110_1,smt-111,update,0,
GUAVA-110_1,smt-20,check,0,false
FASTJSON-32_1,smt-33,solve,5002,UNKNOWN
SPOON-169_1,smt-17,check,2,false
FASTJSON-32_1,smt-73,check,10,false
GUAVA-110_1,smt-20,solve,340,SAT
GUAVA-110_1,smt-190,check,0,false
GUAVA-110_1,smt-190,solve,6,UNSAT
GUAVA-110_1,smt-190,update,0,
GUAVA-110_1,smt-74,check,0,false
GUAVA-110_1,smt-74,solve,2,SAT
GUAVA-110_1,smt-69,check,0,false
GUAVA-110_1,smt-69,solve,4,UNSAT
GUAVA-110_1,smt-69,update,0,
GUAVA-110_1,smt-3,check,0,false
GUAVA-110_1,smt-3,solve,2,SAT
GUAVA-110_1,smt-81,check,0,false
GUAVA-110_1,smt-81,solve,3,SAT
GUAVA-110_1,smt-179,check,0,false
SPOON-9_1,smt-58,solve,3931,SAT
GUAVA-85_1,smt-101,solve,806,SAT
GUAVA-85_1,smt-30,check,0,false
SPOON-9_1,smt-51,check,0,false
SPOON-165_1,smt-17,solve,5002,UNKNOWN
SPOON-9_1,smt-51,solve,8,SAT
SPOON-9_1,smt-71,check,2,false
GUAVA-85_1,smt-30,solve,158,SAT
GUAVA-85_1,smt-40,check,3,false
GUAVA-45_1,smt-99,solve,5003,UNKNOWN
SPOON-165_1,smt-21,check,0,false
GUAVA-45_1,smt-43,check,1,false
GUAVA-110_1,smt-179,solve,2304,SAT
SPOON-9_1,smt-71,solve,507,SAT
GUAVA-110_1,smt-114,check,0,false
GUAVA-110_1,smt-114,solve,2,SAT
GUAVA-110_1,smt-139,check,0,false
GUAVA-110_1,smt-139,solve,3,UNSAT
GUAVA-110_1,smt-139,update,0,
GUAVA-110_1,smt-10,check,0,false
GUAVA-110_1,smt-10,solve,2,SAT
GUAVA-110_1,smt-211,check,0,false
SPOON-9_1,smt-26,check,0,false
SPOON-9_1,smt-26,solve,72,SAT
SPOON-9_1,smt-52,check,0,false
SPOON-9_1,smt-52,solve,2,SAT
SPOON-9_1,smt-39,check,0,false
SPOON-9_1,smt-39,solve,4,SAT
SPOON-9_1,smt-46,check,0,false
SPOON-9_1,smt-46,solve,5,SAT
SPOON-9_1,smt-2,check,0,false
SPOON-9_1,smt-2,solve,2,SAT
SPOON-9_1,smt-8,check,0,false
SPOON-9_1,smt-8,solve,71,UNSAT
SPOON-9_1,smt-8,update,0,
SPOON-9_1,smt-19,check,0,false
SPOON-9_1,smt-19,solve,16,SAT
SPOON-9_1,smt-33,check,0,false
SPOON-9_1,smt-33,solve,5,SAT
GUAVA-45_1,smt-43,solve,491,SAT
SPOON-9_1,smt-70,check,13,false
GUAVA-45_1,smt-47,check,0,false
GUAVA-45_1,smt-47,solve,522,SAT
FASTJSON-32_1,smt-73,solve,5003,UNKNOWN
GUAVA-45_1,smt-116,check,0,false
FASTJSON-32_1,smt-105,check,8,false
GUAVA-45_1,smt-116,solve,44,SAT
GUAVA-45_1,smt-101,check,2,false
SPOON-169_1,smt-17,solve,5014,UNKNOWN
FASTJSON-32_1,smt-105,solve,172,UNSAT
FASTJSON-32_1,smt-105,update,0,
FASTJSON-32_1,smt-117,check,4,true
FASTJSON-32_1,smt-107,check,8,false
SPOON-169_1,smt-2,check,1,false
GUAVA-85_1,smt-40,solve,5002,UNKNOWN
GUAVA-85_1,smt-111,check,2,false
GUAVA-85_1,smt-111,solve,62,UNSAT
GUAVA-85_1,smt-111,update,0,
GUAVA-85_1,smt-20,check,0,false
GUAVA-85_1,smt-20,solve,128,SAT
GUAVA-85_1,smt-74,check,2,false
SPOON-165_1,smt-21,solve,5025,UNKNOWN
GUAVA-110_1,smt-211,solve,5002,UNKNOWN
GUAVA-110_1,smt-49,check,0,false
GUAVA-85_1,smt-74,solve,245,SAT
GUAVA-85_1,smt-69,check,2,false
GUAVA-110_1,smt-49,solve,96,SAT
GUAVA-110_1,smt-83,check,0,false
GUAVA-110_1,smt-83,solve,7,SAT
GUAVA-45_1,smt-101,solve,1233,SAT
GUAVA-110_1,smt-13,check,0,false
SPOON-165_1,smt-26,check,1,false
GUAVA-85_1,smt-69,solve,194,SAT
GUAVA-85_1,smt-3,check,0,false
GUAVA-45_1,smt-30,check,0,false
GUAVA-45_1,smt-30,solve,3,SAT
GUAVA-45_1,smt-40,check,0,false
GUAVA-45_1,smt-40,solve,3,SAT
GUAVA-45_1,smt-111,check,1,false
GUAVA-110_1,smt-13,solve,331,SAT
GUAVA-85_1,smt-3,solve,35,UNSAT
GUAVA-85_1,smt-3,update,0,
GUAVA-110_1,smt-102,check,0,false
GUAVA-85_1,smt-81,check,1,false
GUAVA-110_1,smt-102,solve,3,UNSAT
GUAVA-110_1,smt-102,update,0,
GUAVA-110_1,smt-17,check,0,false
GUAVA-110_1,smt-17,solve,10,SAT
GUAVA-110_1,smt-21,check,0,false
GUAVA-110_1,smt-21,solve,7,SAT
GUAVA-110_1,smt-153,check,0,true
GUAVA-110_1,smt-58,check,0,false
GUAVA-110_1,smt-58,solve,74,SAT
GUAVA-110_1,smt-51,check,0,false
GUAVA-110_1,smt-51,solve,3,SAT
GUAVA-85_1,smt-81,solve,153,SAT
GUAVA-110_1,smt-176,check,0,false
GUAVA-85_1,smt-114,check,1,false
GUAVA-85_1,smt-114,solve,245,SAT
GUAVA-85_1,smt-10,check,0,false
GUAVA-85_1,smt-10,solve,131,SAT
GUAVA-85_1,smt-49,check,0,true
GUAVA-85_1,smt-83,check,4,false
GUAVA-85_1,smt-83,solve,85,UNSAT
GUAVA-85_1,smt-83,update,0,
GUAVA-85_1,smt-13,check,0,false
GUAVA-45_1,smt-111,solve,596,SAT
GUAVA-85_1,smt-13,solve,84,SAT
GUAVA-85_1,smt-102,check,1,false
GUAVA-45_1,smt-20,check,0,false
GUAVA-45_1,smt-20,solve,4,UNSAT
GUAVA-45_1,smt-20,update,0,
GUAVA-45_1,smt-74,check,1,false
GUAVA-85_1,smt-102,solve,252,SAT
GUAVA-85_1,smt-17,check,0,true
GUAVA-85_1,smt-21,check,0,false
GUAVA-85_1,smt-21,solve,33,UNSAT
GUAVA-85_1,smt-21,update,0,
GUAVA-85_1,smt-58,check,3,false
FASTJSON-32_1,smt-107,solve,5002,UNKNOWN
FASTJSON-32_1,smt-93,check,9,false
GUAVA-45_1,smt-74,solve,599,SAT
SPOON-169_1,smt-2,solve,5004,UNKNOWN
SPOON-9_1,smt-70,solve,5007,UNKNOWN
GUAVA-45_1,smt-69,check,2,false
SPOON-9_1,smt-35,check,0,false
SPOON-9_1,smt-35,solve,19,SAT
SPOON-101_1,smt-26,solve,5014,UNKNOWN
SPOON-101_1,smt-2,check,0,false
SPOON-9_1,smt-56,check,17,false
SPOON-101_1,smt-2,solve,3,SAT
SPOON-101_1,smt-8,check,0,false
SPOON-169_1,smt-8,check,1,false
SPOON-101_1,smt-8,solve,3,SAT
SPOON-101_1,smt-19,check,0,false
SPOON-101_1,smt-19,solve,3,SAT
SPOON-101_1,smt-11,check,0,false
SPOON-101_1,smt-11,solve,42,SAT
SPOON-101_1,smt-16,check,0,false
SPOON-101_1,smt-16,solve,14,UNSAT
SPOON-101_1,smt-16,update,0,
SPOON-101_1,smt-9,check,0,false
SPOON-101_1,smt-9,solve,3,SAT
SPOON-101_1,smt-12,check,0,false
SPOON-101_1,smt-12,solve,3,SAT
SPOON-101_1,smt-22,check,0,false
SPOON-101_1,smt-22,solve,4,SAT
SPOON-101_1,smt-6,check,0,false
SPOON-165_1,smt-26,solve,5003,UNKNOWN
SPOON-101_1,smt-6,solve,3,UNSAT
SPOON-101_1,smt-6,update,0,
SPOON-101_1,smt-5,check,0,false
SPOON-101_1,smt-5,solve,4,SAT
SPOON-101_1,smt-15,check,0,false
SPOON-101_1,smt-15,solve,4,UNSAT
SPOON-101_1,smt-15,update,0,
SPOON-101_1,smt-14,check,0,false
SPOON-101_1,smt-14,solve,4,SAT
SPOON-101_1,smt-23,check,0,true
SPOON-157_1,smt-1,check,0,false
GUAVA-110_1,smt-176,solve,5002,UNKNOWN
GUAVA-110_1,smt-186,check,0,false
SPOON-157_1,smt-1,solve,99,SAT
SPOON-157_1,smt-7,check,0,false
SPOON-157_1,smt-7,solve,22,SAT
SPOON-157_1,smt-18,check,0,false
SPOON-157_1,smt-18,solve,65,SAT
SPOON-157_1,smt-4,check,0,false
SPOON-165_1,smt-39,check,1,false
SPOON-157_1,smt-4,solve,83,SAT
GUAVA-110_1,smt-186,solve,742,SAT
GUAVA-110_1,smt-133,check,0,true
GUAVA-110_1,smt-206,check,0,true
GUAVA-110_1,smt-71,check,0,false
GUAVA-110_1,smt-71,solve,83,SAT
GUAVA-110_1,smt-26,check,0,false
GUAVA-110_1,smt-26,solve,2,SAT
GUAVA-110_1,smt-118,check,0,false
GUAVA-110_1,smt-118,solve,5,SAT
GUAVA-110_1,smt-137,check,0,false
GUAVA-110_1,smt-137,solve,109,SAT
GUAVA-110_1,smt-203,check,0,false
SPOON-165_1,smt-39,solve,340,UNSAT
SPOON-165_1,smt-39,update,0,
SPOON-169_1,smt-8,solve,1159,UNSAT
SPOON-169_1,smt-8,update,0,
SPOON-165_1,smt-2,check,0,false
SPOON-165_1,smt-2,solve,3,SAT
SPOON-165_1,smt-8,check,0,false
SPOON-165_1,smt-8,solve,4,UNSAT
SPOON-165_1,smt-8,update,0,
SPOON-165_1,smt-19,check,0,false
SPOON-165_1,smt-19,solve,3,SAT
SPOON-165_1,smt-33,check,0,false
SPOON-165_1,smt-33,solve,4,SAT
SPOON-169_1,smt-11,check,1,false
GUAVA-85_1,smt-58,solve,5003,UNKNOWN
GUAVA-85_1,smt-51,check,5,false
FASTJSON-32_1,smt-93,solve,5002,UNKNOWN
GUAVA-85_1,smt-51,solve,144,UNSAT
GUAVA-85_1,smt-51,update,0,
GUAVA-85_1,smt-133,check,1,false
FASTJSON-32_1,smt-70,check,15,false
GUAVA-85_1,smt-133,solve,53,UNSAT
GUAVA-85_1,smt-133,update,0,
GUAVA-85_1,smt-71,check,7,false
SPOON-169_1,smt-11,solve,1048,UNSAT
SPOON-169_1,smt-11,update,0,
SPOON-169_1,smt-16,check,1,false
GUAVA-45_1,smt-69,solve,2781,SAT
GUAVA-45_1,smt-3,check,0,false
GUAVA-45_1,smt-3,solve,11,SAT
GUAVA-45_1,smt-81,check,0,false
SPOON-165_1,smt-35,check,78,false
SPOON-157_1,smt-24,check,0,false
GUAVA-110_1,smt-203,solve,5002,UNKNOWN
GUAVA-110_1,smt-130,check,0,false
GUAVA-110_1,smt-130,solve,2,SAT
GUAVA-110_1,smt-209,check,0,false
SPOON-9_1,smt-56,solve,3359,SAT
GUAVA-110_1,smt-209,solve,590,SAT
GUAVA-110_1,smt-148,check,0,false
GUAVA-110_1,smt-148,solve,41,UNSAT
GUAVA-110_1,smt-148,update,0,
GUAVA-110_1,smt-159,check,0,false
SPOON-9_1,smt-28,check,0,false
SPOON-9_1,smt-28,solve,4,UNSAT
SPOON-9_1,smt-28,update,0,
SPOON-9_1,smt-34,check,0,false
SPOON-9_1,smt-34,solve,7,SAT
SPOON-9_1,smt-68,check,7,false
FASTJSON-32_1,smt-70,solve,5002,UNKNOWN
GUAVA-110_1,smt-159,solve,933,SAT
FASTJSON-32_1,smt-96,check,9,false
GUAVA-110_1,smt-110,check,0,false
GUAVA-110_1,smt-110,solve,2,SAT
GUAVA-110_1,smt-52,check,0,false
GUAVA-110_1,smt-52,solve,2,SAT
GUAVA-110_1,smt-39,check,0,false
GUAVA-110_1,smt-39,solve,162,SAT
GUAVA-110_1,smt-46,check,0,false
GUAVA-110_1,smt-46,solve,2,SAT
GUAVA-110_1,smt-2,check,0,false
GUAVA-110_1,smt-2,solve,3,SAT
GUAVA-110_1,smt-187,check,0,false
GUAVA-85_1,smt-71,solve,5004,UNKNOWN
FASTJSON-32_1,smt-96,solve,188,UNSAT
FASTJSON-32_1,smt-96,update,0,
FASTJSON-32_1,smt-91,check,6,false
GUAVA-85_1,smt-26,check,1,false
GUAVA-85_1,smt-26,solve,235,SAT
GUAVA-45_1,smt-81,solve,3452,SAT
GUAVA-85_1,smt-118,check,146,false
SPOON-169_1,smt-16,solve,5021,UNKNOWN
GUAVA-45_1,smt-114,check,4,false
SPOON-169_1,smt-9,check,0,false
SPOON-169_1,smt-9,solve,3,SAT
SPOON-169_1,smt-12,check,0,false
SPOON-169_1,smt-12,solve,5,SAT
SPOON-169_1,smt-6,check,0,false
SPOON-169_1,smt-6,solve,4,SAT
SPOON-169_1,smt-5,check,0,false
SPOON-169_1,smt-5,solve,4,SAT
SPOON-169_1,smt-15,check,0,false
SPOON-9_1,smt-68,solve,1964,SAT
GUAVA-85_1,smt-118,solve,1710,SAT
SPOON-9_1,smt-11,check,0,false
SPOON-9_1,smt-11,solve,3,SAT
SPOON-9_1,smt-50,check,0,false
SPOON-9_1,smt-50,solve,12,SAT
SPOON-9_1,smt-44,check,0,false
SPOON-9_1,smt-44,solve,18,SAT
SPOON-9_1,smt-16,check,0,false
SPOON-9_1,smt-16,solve,3,SAT
SPOON-9_1,smt-9,check,0,false
SPOON-9_1,smt-9,solve,5,SAT
SPOON-9_1,smt-12,check,0,false
SPOON-9_1,smt-12,solve,5,SAT
SPOON-9_1,smt-61,check,1,false
GUAVA-85_1,smt-137,check,61,false
GUAVA-110_1,smt-187,solve,5002,UNKNOWN
GUAVA-110_1,smt-123,check,0,false
GUAVA-110_1,smt-123,solve,5,SAT
GUAVA-110_1,smt-79,check,0,false
GUAVA-110_1,smt-79,solve,2,SAT
GUAVA-110_1,smt-8,check,0,false
FASTJSON-32_1,smt-91,solve,5008,UNKNOWN
FASTJSON-32_1,smt-35,check,10,false
SPOON-9_1,smt-61,solve,438,SAT
SPOON-9_1,smt-22,check,0,false
SPOON-9_1,smt-22,solve,17,SAT
SPOON-9_1,smt-62,check,3,false
SPOON-169_1,smt-15,solve,5261,UNKNOWN
SPOON-169_1,smt-14,check,1,false
GUAVA-45_1,smt-114,solve,5017,UNKNOWN
GUAVA-45_1,smt-10,check,0,false
GUAVA-45_1,smt-10,solve,6,SAT
GUAVA-45_1,smt-49,check,0,false
SPOON-9_1,smt-62,solve,1886,SAT
GUAVA-110_1,smt-8,solve,5002,UNKNOWN
GUAVA-110_1,smt-122,check,0,false
GUAVA-110_1,smt-122,solve,4,UNSAT
GUAVA-110_1,smt-122,update,0,
GUAVA-110_1,smt-19,check,0,false
GUAVA-110_1,smt-19,solve,43,UNSAT
GUAVA-110_1,smt-19,update,0,
GUAVA-110_1,smt-149,check,0,true
GUAVA-110_1,smt-95,check,0,false
GUAVA-110_1,smt-95,solve,3,UNSAT
GUAVA-110_1,smt-95,update,0,
GUAVA-110_1,smt-84,check,0,false
GUAVA-110_1,smt-84,solve,4,SAT
GUAVA-110_1,smt-78,check,0,false
GUAVA-110_1,smt-78,solve,3,SAT
GUAVA-110_1,smt-164,check,0,false
SPOON-9_1,smt-63,check,6,false
FASTJSON-32_1,smt-35,solve,5004,UNKNOWN
GUAVA-85_1,smt-137,solve,3639,SAT
FASTJSON-32_1,smt-98,check,12,false
GUAVA-85_1,smt-130,check,9,false
FASTJSON-32_1,smt-98,solve,148,UNSAT
FASTJSON-32_1,smt-98,update,0,
FASTJSON-32_1,smt-56,check,10,false
FASTJSON-32_1,smt-56,solve,170,UNSAT
FASTJSON-32_1,smt-56,update,0,
FASTJSON-32_1,smt-28,check,6,false
GUAVA-85_1,smt-130,solve,465,SAT
FASTJSON-32_1,smt-28,solve,97,UNSAT
FASTJSON-32_1,smt-28,update,0,
FASTJSON-32_1,smt-129,check,9,false
GUAVA-85_1,smt-110,check,59,false
FASTJSON-32_1,smt-129,solve,205,UNSAT
FASTJSON-32_1,smt-129,update,0,
FASTJSON-32_1,smt-34,check,9,false
GUAVA-110_1,smt-164,solve,2520,SAT
SPOON-165_1,smt-35,solve,5018,UNKNOWN
GUAVA-110_1,smt-151,check,0,false
GUAVA-110_1,smt-151,solve,70,UNSAT
GUAVA-110_1,smt-151,update,0,
GUAVA-110_1,smt-80,check,0,false
GUAVA-110_1,smt-80,solve,2,UNSAT
GUAVA-110_1,smt-80,update,0,
GUAVA-110_1,smt-115,check,0,false
FASTJSON-32_1,smt-34,solve,136,UNSAT
FASTJSON-32_1,smt-34,update,0,
GUAVA-110_1,smt-115,solve,3,UNSAT
GUAVA-110_1,smt-115,update,0,
GUAVA-110_1,smt-197,check,0,true
GUAVA-110_1,smt-161,check,0,false
SPOON-165_1,smt-28,check,1,true
FASTJSON-32_1,smt-68,check,11,false
FASTJSON-32_1,smt-68,solve,130,UNSAT
FASTJSON-32_1,smt-68,update,0,
FASTJSON-32_1,smt-11,check,9,false
GUAVA-110_1,smt-161,solve,467,SAT
GUAVA-110_1,smt-33,check,0,false
GUAVA-110_1,smt-33,solve,2,SAT
GUAVA-110_1,smt-73,check,0,false
GUAVA-45_1,smt-49,solve,3524,SAT
GUAVA-110_1,smt-73,solve,70,SAT
GUAVA-110_1,smt-105,check,0,true
GUAVA-110_1,smt-117,check,0,false
GUAVA-110_1,smt-117,solve,3,UNSAT
GUAVA-110_1,smt-117,update,0,
SPOON-157_1,smt-24,solve,5007,UNKNOWN
GUAVA-110_1,smt-152,check,0,false
GUAVA-45_1,smt-83,check,1,false
FASTJSON-32_1,smt-11,solve,231,UNSAT
FASTJSON-32_1,smt-11,update,0,
FASTJSON-32_1,smt-50,check,8,false
GUAVA-110_1,smt-152,solve,323,SAT
GUAVA-110_1,smt-188,check,0,false
FASTJSON-32_1,smt-50,solve,145,UNSAT
FASTJSON-32_1,smt-50,update,0,
FASTJSON-32_1,smt-44,check,7,false
SPOON-169_1,smt-14,solve,5343,UNKNOWN
SPOON-157_1,smt-25,check,0,false
SPOON-155_1,smt-57,check,0,false
SPOON-9_1,smt-63,solve,2865,SAT
SPOON-9_1,smt-41,check,0,false
SPOON-9_1,smt-41,solve,14,SAT
SPOON-9_1,smt-6,check,0,false
SPOON-9_1,smt-6,solve,11,SAT
SPOON-9_1,smt-29,check,0,false
SPOON-9_1,smt-29,solve,10,SAT
SPOON-9_1,smt-5,check,0,false
SPOON-9_1,smt-5,solve,2,SAT
SPOON-9_1,smt-15,check,0,false
SPOON-9_1,smt-15,solve,4,SAT
SPOON-9_1,smt-14,check,0,false
SPOON-9_1,smt-14,solve,6,SAT
SPOON-9_1,smt-65,check,2,false
SPOON-165_1,smt-34,check,71,false
SPOON-9_1,smt-65,solve,652,SAT
SPOON-155_1,smt-57,solve,2454,UNSAT
SPOON-155_1,smt-57,update,0,
SPOON-9_1,smt-54,check,0,true
GUAVA-85_1,smt-110,solve,4621,SAT
SPOON-9_1,smt-55,check,1,false
GUAVA-110_1,smt-188,solve,5003,UNKNOWN
GUAVA-110_1,smt-172,check,0,false
GUAVA-85_1,smt-52,check,2,false
GUAVA-85_1,smt-52,solve,80,UNSAT
GUAVA-85_1,smt-52,update,0,
FASTJSON-32_1,smt-44,solve,5002,UNKNOWN
GUAVA-85_1,smt-39,check,4,false
FASTJSON-32_1,smt-16,check,12,false
SPOON-155_1,smt-37,check,2,false
GUAVA-85_1,smt-39,solve,137,UNSAT
GUAVA-85_1,smt-39,update,0,
GUAVA-85_1,smt-46,check,0,true
GUAVA-85_1,smt-2,check,0,false
GUAVA-45_1,smt-83,solve,5002,UNKNOWN
GUAVA-85_1,smt-2,solve,564,SAT
GUAVA-85_1,smt-123,check,2,false
GUAVA-45_1,smt-13,check,0,false
GUAVA-45_1,smt-13,solve,5,SAT
GUAVA-45_1,smt-102,check,2,false
GUAVA-85_1,smt-123,solve,240,SAT
GUAVA-85_1,smt-79,check,0,false
GUAVA-85_1,smt-79,solve,114,SAT
GUAVA-85_1,smt-8,check,4,false
SPOON-9_1,smt-55,solve,1122,SAT
GUAVA-85_1,smt-8,solve,92,UNSAT
GUAVA-85_1,smt-8,update,0,
SPOON-9_1,smt-23,check,0,false
GUAVA-85_1,smt-122,check,9,false
SPOON-9_1,smt-23,solve,4,SAT
FASTJSON-4_1,smt-57,check,0,false
FASTJSON-4_1,smt-57,solve,6,UNSAT
FASTJSON-4_1,smt-57,update,0,
FASTJSON-4_1,smt-90,check,0,false
FASTJSON-4_1,smt-90,solve,6,UNSAT
FASTJSON-4_1,smt-90,update,0,
FASTJSON-4_1,smt-37,check,0,false
FASTJSON-4_1,smt-37,solve,7,SAT
FASTJSON-4_1,smt-1,check,0,false
FASTJSON-4_1,smt-1,solve,3,SAT
FASTJSON-4_1,smt-142,check,0,false
FASTJSON-4_1,smt-142,solve,8,SAT
FASTJSON-4_1,smt-87,check,0,false
FASTJSON-4_1,smt-87,solve,7,UNSAT
FASTJSON-4_1,smt-87,update,0,
FASTJSON-4_1,smt-31,check,0,false
FASTJSON-4_1,smt-31,solve,6,SAT
FASTJSON-4_1,smt-89,check,0,false
SPOON-157_1,smt-25,solve,5034,UNKNOWN
FASTJSON-4_1,smt-89,solve,6,SAT
FASTJSON-4_1,smt-53,check,0,false
FASTJSON-4_1,smt-53,solve,4,SAT
FASTJSON-4_1,smt-7,check,0,false
FASTJSON-4_1,smt-7,solve,5,SAT
FASTJSON-4_1,smt-27,check,0,false
FASTJSON-4_1,smt-27,solve,5,UNSAT
FASTJSON-4_1,smt-27,update,0,
FASTJSON-4_1,smt-75,check,0,false
FASTJSON-4_1,smt-75,solve,2,UNSAT
FASTJSON-4_1,smt-75,update,0,
FASTJSON-4_1,smt-67,check,0,true
FASTJSON-4_1,smt-147,check,0,false
FASTJSON-4_1,smt-147,solve,5,SAT
FASTJSON-4_1,smt-88,check,0,false
FASTJSON-4_1,smt-88,solve,6,SAT
FASTJSON-4_1,smt-150,check,0,false
FASTJSON-4_1,smt-150,solve,8,UNSAT
FASTJSON-4_1,smt-150,update,0,
FASTJSON-4_1,smt-48,check,0,false
FASTJSON-4_1,smt-48,solve,4,UNSAT
FASTJSON-4_1,smt-48,update,0,
FASTJSON-4_1,smt-18,check,0,true
FASTJSON-4_1,smt-92,check,0,false
FASTJSON-4_1,smt-92,solve,7,SAT
FASTJSON-4_1,smt-100,check,0,false
GUAVA-85_1,smt-122,solve,169,UNSAT
GUAVA-85_1,smt-122,update,0,
GUAVA-85_1,smt-19,check,1,false
FASTJSON-4_1,smt-100,solve,95,UNSAT
FASTJSON-4_1,smt-100,update,0,
FASTJSON-4_1,smt-59,check,0,false
FASTJSON-4_1,smt-59,solve,5,SAT
FASTJSON-4_1,smt-141,check,0,false
FASTJSON-4_1,smt-141,solve,6,UNSAT
FASTJSON-4_1,smt-141,update,0,
FASTJSON-4_1,smt-42,check,0,false
FASTJSON-4_1,smt-42,solve,6,SAT
FASTJSON-4_1,smt-82,check,0,false
GUAVA-85_1,smt-19,solve,365,SAT
FASTJSON-4_1,smt-82,solve,5,UNSAT
FASTJSON-4_1,smt-82,update,0,
FASTJSON-4_1,smt-4,check,0,false
FASTJSON-4_1,smt-4,solve,5,SAT
FASTJSON-4_1,smt-66,check,0,true
FASTJSON-4_1,smt-120,check,0,false
FASTJSON-4_1,smt-120,solve,6,SAT
FASTJSON-4_1,smt-121,check,0,false
SPOON-157_1,smt-20,check,0,false
FASTJSON-4_1,smt-121,solve,7,SAT
FASTJSON-4_1,smt-85,check,0,false
FASTJSON-4_1,smt-85,solve,17,UNSAT
FASTJSON-4_1,smt-85,update,0,
FASTJSON-4_1,smt-104,check,0,false
GUAVA-85_1,smt-95,check,82,false
FASTJSON-4_1,smt-104,solve,52,UNSAT
FASTJSON-4_1,smt-104,update,0,
FASTJSON-4_1,smt-127,check,0,false
FASTJSON-4_1,smt-127,solve,5,UNSAT
FASTJSON-4_1,smt-127,update,0,
FASTJSON-4_1,smt-24,check,0,false
FASTJSON-4_1,smt-24,solve,4,UNSAT
FASTJSON-4_1,smt-24,update,0,
FASTJSON-4_1,smt-36,check,0,false
FASTJSON-4_1,smt-36,solve,6,SAT
FASTJSON-4_1,smt-76,check,0,true
FASTJSON-4_1,smt-97,check,0,false
FASTJSON-4_1,smt-97,solve,7,SAT
FASTJSON-4_1,smt-128,check,0,false
FASTJSON-4_1,smt-128,solve,6,SAT
FASTJSON-4_1,smt-134,check,0,false
FASTJSON-4_1,smt-134,solve,8,UNSAT
FASTJSON-4_1,smt-134,update,0,
FASTJSON-4_1,smt-60,check,0,true
FASTJSON-4_1,smt-144,check,0,false
FASTJSON-4_1,smt-144,solve,5,SAT
FASTJSON-4_1,smt-38,check,0,false
FASTJSON-4_1,smt-38,solve,4,SAT
FASTJSON-4_1,smt-45,check,0,false
GUAVA-110_1,smt-172,solve,5002,UNKNOWN
GUAVA-45_1,smt-102,solve,1219,SAT
FASTJSON-4_1,smt-45,solve,5,UNSAT
FASTJSON-4_1,smt-45,update,0,
GUAVA-110_1,smt-107,check,0,true
FASTJSON-4_1,smt-64,check,0,true
GUAVA-110_1,smt-155,check,0,false
FASTJSON-4_1,smt-25,check,0,false
FASTJSON-4_1,smt-25,solve,6,SAT
FASTJSON-4_1,smt-32,check,0,false
GUAVA-110_1,smt-155,solve,15,UNSAT
GUAVA-110_1,smt-155,update,0,
GUAVA-110_1,smt-93,check,0,false
GUAVA-110_1,smt-93,solve,3,SAT
FASTJSON-4_1,smt-32,solve,5,SAT
FASTJSON-4_1,smt-99,check,0,false
GUAVA-110_1,smt-70,check,0,false
FASTJSON-4_1,smt-99,solve,6,SAT
FASTJSON-4_1,smt-43,check,0,false
FASTJSON-4_1,smt-43,solve,21,UNSAT
FASTJSON-4_1,smt-43,update,0,
FASTJSON-4_1,smt-47,check,0,false
FASTJSON-4_1,smt-47,solve,7,SAT
FASTJSON-4_1,smt-156,check,0,true
GUAVA-45_1,smt-17,check,0,false
FASTJSON-4_1,smt-124,check,0,false
FASTJSON-4_1,smt-124,solve,6,SAT
FASTJSON-4_1,smt-154,check,0,false
GUAVA-45_1,smt-17,solve,14,UNSAT
GUAVA-45_1,smt-17,update,0,
GUAVA-45_1,smt-21,check,0,false
GUAVA-45_1,smt-21,solve,3,SAT
GUAVA-45_1,smt-58,check,0,false
FASTJSON-4_1,smt-154,solve,6,UNSAT
FASTJSON-4_1,smt-154,update,0,
GUAVA-45_1,smt-58,solve,3,SAT
FASTJSON-4_1,smt-116,check,0,true
FASTJSON-4_1,smt-101,check,0,false
FASTJSON-4_1,smt-101,solve,6,SAT
FASTJSON-4_1,smt-30,check,0,false
FASTJSON-4_1,smt-30,solve,6,SAT
FASTJSON-4_1,smt-138,check,0,false
GUAVA-110_1,smt-70,solve,339,SAT
GUAVA-45_1,smt-51,check,4,false
GUAVA-110_1,smt-96,check,0,true
GUAVA-110_1,smt-91,check,0,false
FASTJSON-4_1,smt-138,solve,5,UNSAT
FASTJSON-4_1,smt-138,update,0,
GUAVA-110_1,smt-91,solve,3,SAT
FASTJSON-4_1,smt-40,check,0,false
GUAVA-110_1,smt-35,check,0,false
GUAVA-110_1,smt-35,solve,2,SAT
FASTJSON-4_1,smt-40,solve,5,SAT
GUAVA-110_1,smt-98,check,0,false
FASTJSON-4_1,smt-111,check,0,false
GUAVA-110_1,smt-98,solve,3,SAT
GUAVA-110_1,smt-56,check,0,false
FASTJSON-4_1,smt-111,solve,4,SAT
GUAVA-110_1,smt-56,solve,3,SAT
FASTJSON-4_1,smt-20,check,0,false
GUAVA-110_1,smt-28,check,0,false
GUAVA-110_1,smt-28,solve,2,SAT
GUAVA-110_1,smt-129,check,0,false
FASTJSON-32_1,smt-16,solve,5005,UNKNOWN
FASTJSON-4_1,smt-20,solve,5,UNSAT
FASTJSON-4_1,smt-20,update,0,
FASTJSON-4_1,smt-74,check,0,true
FASTJSON-4_1,smt-69,check,0,true
FASTJSON-4_1,smt-3,check,0,false
GUAVA-110_1,smt-129,solve,25,UNSAT
GUAVA-110_1,smt-129,update,0,
FASTJSON-4_1,smt-3,solve,4,SAT
FASTJSON-4_1,smt-81,check,0,true
GUAVA-110_1,smt-180,check,0,false
FASTJSON-4_1,smt-114,check,0,true
FASTJSON-4_1,smt-139,check,0,true
FASTJSON-4_1,smt-10,check,0,false
FASTJSON-4_1,smt-10,solve,4,SAT
FASTJSON-4_1,smt-49,check,0,false
FASTJSON-4_1,smt-49,solve,4,SAT
FASTJSON-4_1,smt-83,check,0,true
FASTJSON-32_1,smt-125,check,10,false
GUAVA-110_1,smt-180,solve,38,UNSAT
GUAVA-110_1,smt-180,update,0,
FASTJSON-4_1,smt-13,check,0,false
FASTJSON-4_1,smt-13,solve,5,SAT
GUAVA-110_1,smt-34,check,0,false
FASTJSON-4_1,smt-102,check,0,false
FASTJSON-4_1,smt-102,solve,7,SAT
FASTJSON-4_1,smt-17,check,0,false
FASTJSON-4_1,smt-17,solve,4,SAT
FASTJSON-4_1,smt-21,check,0,false
FASTJSON-4_1,smt-21,solve,4,SAT
FASTJSON-4_1,smt-153,check,0,false
FASTJSON-4_1,smt-153,solve,8,SAT
FASTJSON-4_1,smt-58,check,0,false
GUAVA-110_1,smt-34,solve,148,SAT
FASTJSON-4_1,smt-58,solve,7,SAT
FASTJSON-4_1,smt-51,check,0,false
GUAVA-110_1,smt-208,check,0,false
FASTJSON-4_1,smt-51,solve,6,SAT
FASTJSON-4_1,smt-133,check,0,false
FASTJSON-4_1,smt-133,solve,8,SAT
FASTJSON-4_1,smt-71,check,0,true
FASTJSON-4_1,smt-26,check,0,false
FASTJSON-4_1,smt-26,solve,5,SAT
FASTJSON-4_1,smt-118,check,0,false
FASTJSON-32_1,smt-125,solve,177,UNSAT
FASTJSON-4_1,smt-118,solve,5,SAT
FASTJSON-32_1,smt-125,update,0,
FASTJSON-4_1,smt-137,check,0,false
FASTJSON-4_1,smt-137,solve,6,UNSAT
FASTJSON-4_1,smt-137,update,0,
FASTJSON-4_1,smt-130,check,0,false
FASTJSON-32_1,smt-94,check,11,false
FASTJSON-4_1,smt-130,solve,5,SAT
FASTJSON-4_1,smt-148,check,0,false
FASTJSON-4_1,smt-148,solve,7,SAT
FASTJSON-4_1,smt-110,check,0,false
FASTJSON-4_1,smt-110,solve,6,SAT
FASTJSON-4_1,smt-52,check,0,false
FASTJSON-4_1,smt-52,solve,5,UNSAT
FASTJSON-4_1,smt-52,update,0,
FASTJSON-4_1,smt-39,check,0,false
FASTJSON-4_1,smt-39,solve,8,SAT
FASTJSON-4_1,smt-46,check,0,false
FASTJSON-4_1,smt-46,solve,4,UNSAT
FASTJSON-4_1,smt-46,update,0,
FASTJSON-4_1,smt-2,check,0,false
FASTJSON-4_1,smt-2,solve,4,SAT
FASTJSON-4_1,smt-123,check,0,false
FASTJSON-4_1,smt-123,solve,6,SAT
FASTJSON-4_1,smt-79,check,0,true
FASTJSON-4_1,smt-8,check,0,false
FASTJSON-4_1,smt-8,solve,3,UNSAT
FASTJSON-4_1,smt-8,update,0,
FASTJSON-4_1,smt-122,check,0,false
FASTJSON-4_1,smt-122,solve,10,UNSAT
FASTJSON-4_1,smt-122,update,0,
FASTJSON-4_1,smt-19,check,0,false
FASTJSON-4_1,smt-19,solve,5,UNSAT
FASTJSON-4_1,smt-19,update,0,
FASTJSON-32_1,smt-94,solve,207,UNSAT
FASTJSON-32_1,smt-94,update,0,
FASTJSON-4_1,smt-149,check,0,false
FASTJSON-4_1,smt-149,solve,5,SAT
FASTJSON-4_1,smt-95,check,0,false
FASTJSON-4_1,smt-95,solve,6,SAT
FASTJSON-4_1,smt-84,check,0,false
FASTJSON-32_1,smt-9,check,12,false
FASTJSON-4_1,smt-84,solve,9,UNSAT
FASTJSON-4_1,smt-84,update,0,
FASTJSON-4_1,smt-78,check,0,true
FASTJSON-4_1,smt-151,check,0,true
FASTJSON-4_1,smt-80,check,0,true
FASTJSON-4_1,smt-115,check,0,true
FASTJSON-4_1,smt-33,check,0,true
FASTJSON-4_1,smt-73,check,0,true
FASTJSON-4_1,smt-105,check,0,false
FASTJSON-4_1,smt-105,solve,15,SAT
FASTJSON-4_1,smt-117,check,0,true
FASTJSON-4_1,smt-152,check,0,false
FASTJSON-4_1,smt-152,solve,5,UNSAT
FASTJSON-4_1,smt-152,update,0,
FASTJSON-4_1,smt-107,check,0,false
FASTJSON-4_1,smt-107,solve,9,SAT
FASTJSON-4_1,smt-155,check,0,false
FASTJSON-4_1,smt-155,solve,6,SAT
FASTJSON-4_1,smt-93,check,0,false
FASTJSON-4_1,smt-93,solve,7,SAT
FASTJSON-4_1,smt-70,check,0,true
FASTJSON-4_1,smt-96,check,0,false
FASTJSON-4_1,smt-96,solve,6,SAT
FASTJSON-32_1,smt-9,solve,163,UNSAT
FASTJSON-32_1,smt-9,update,0,
FASTJSON-4_1,smt-91,check,0,false
FASTJSON-4_1,smt-91,solve,5,SAT
FASTJSON-4_1,smt-35,check,0,false
FASTJSON-32_1,smt-12,check,6,true
FASTJSON-4_1,smt-35,solve,5,SAT
FASTJSON-4_1,smt-98,check,0,true
FASTJSON-4_1,smt-56,check,0,false
FASTJSON-32_1,smt-61,check,6,false
FASTJSON-4_1,smt-56,solve,6,UNSAT
FASTJSON-4_1,smt-56,update,0,
FASTJSON-4_1,smt-28,check,0,true
FASTJSON-4_1,smt-129,check,0,false
FASTJSON-4_1,smt-129,solve,5,UNSAT
FASTJSON-4_1,smt-129,update,0,
FASTJSON-4_1,smt-34,check,0,false
FASTJSON-4_1,smt-34,solve,5,SAT
FASTJSON-4_1,smt-68,check,0,true
FASTJSON-4_1,smt-11,check,0,false
FASTJSON-4_1,smt-11,solve,4,SAT
FASTJSON-4_1,smt-50,check,0,false
FASTJSON-4_1,smt-50,solve,5,SAT
FASTJSON-4_1,smt-44,check,0,false
FASTJSON-4_1,smt-44,solve,5,UNSAT
FASTJSON-4_1,smt-44,update,0,
FASTJSON-4_1,smt-16,check,0,false
FASTJSON-4_1,smt-16,solve,4,SAT
FASTJSON-4_1,smt-146,check,0,false
SPOON-155_1,smt-37,solve,5391,UNKNOWN
FASTJSON-4_1,smt-146,solve,7,SAT
FASTJSON-4_1,smt-125,check,1,false
FASTJSON-4_1,smt-125,solve,72,UNSAT
FASTJSON-4_1,smt-125,update,0,
FASTJSON-4_1,smt-94,check,0,false
FASTJSON-4_1,smt-94,solve,3,UNSAT
FASTJSON-4_1,smt-94,update,0,
GUAVA-85_1,smt-95,solve,916,UNSAT
GUAVA-85_1,smt-95,update,0,
FASTJSON-4_1,smt-9,check,0,false
FASTJSON-4_1,smt-9,solve,4,UNSAT
FASTJSON-4_1,smt-9,update,0,
FASTJSON-4_1,smt-12,check,0,false
FASTJSON-4_1,smt-12,solve,4,SAT
FASTJSON-4_1,smt-61,check,0,true
FASTJSON-4_1,smt-132,check,0,false
FASTJSON-4_1,smt-132,solve,5,SAT
FASTJSON-4_1,smt-108,check,0,false
FASTJSON-4_1,smt-108,solve,9,SAT
FASTJSON-4_1,smt-22,check,0,false
FASTJSON-4_1,smt-22,solve,5,SAT
FASTJSON-4_1,smt-62,check,0,false
FASTJSON-4_1,smt-62,solve,7,SAT
FASTJSON-4_1,smt-63,check,0,false
GUAVA-85_1,smt-84,check,4,false
FASTJSON-4_1,smt-63,solve,5,SAT
FASTJSON-4_1,smt-119,check,0,false
FASTJSON-4_1,smt-119,solve,4,UNSAT
FASTJSON-4_1,smt-119,update,0,
FASTJSON-4_1,smt-41,check,0,false
FASTJSON-4_1,smt-41,solve,5,SAT
FASTJSON-4_1,smt-72,check,0,true
FASTJSON-4_1,smt-136,check,0,false
FASTJSON-4_1,smt-136,solve,6,SAT
FASTJSON-4_1,smt-140,check,0,false
GUAVA-45_1,smt-51,solve,1262,SAT
FASTJSON-4_1,smt-140,solve,7,SAT
FASTJSON-4_1,smt-157,check,0,false
FASTJSON-4_1,smt-157,solve,6,SAT
FASTJSON-4_1,smt-112,check,0,false
SPOON-155_1,smt-1,check,0,false
FASTJSON-4_1,smt-112,solve,5,UNSAT
FASTJSON-4_1,smt-112,update,0,
SPOON-155_1,smt-1,solve,2,SAT
FASTJSON-4_1,smt-6,check,1,false
GUAVA-85_1,smt-84,solve,147,UNSAT
GUAVA-85_1,smt-84,update,0,
SPOON-155_1,smt-31,check,1,false
GUAVA-45_1,smt-71,check,1,false
GUAVA-85_1,smt-78,check,9,false
SPOON-157_1,smt-20,solve,5002,UNKNOWN
SPOON-157_1,smt-3,check,0,false
SPOON-157_1,smt-3,solve,20,SAT
SPOON-157_1,smt-10,check,0,false
SPOON-157_1,smt-10,solve,8,SAT
SPOON-157_1,smt-13,check,0,false
SPOON-157_1,smt-13,solve,24,SAT
SPOON-157_1,smt-17,check,0,false
SPOON-157_1,smt-17,solve,2,UNSAT
SPOON-157_1,smt-17,update,0,
GUAVA-110_1,smt-208,solve,5002,UNKNOWN
GUAVA-110_1,smt-201,check,0,false
GUAVA-45_1,smt-71,solve,938,SAT
GUAVA-110_1,smt-201,solve,111,SAT
GUAVA-110_1,smt-169,check,0,false
GUAVA-45_1,smt-26,check,0,false
GUAVA-45_1,smt-26,solve,5,SAT
GUAVA-45_1,smt-110,check,2,false
GUAVA-110_1,smt-169,solve,374,SAT
GUAVA-110_1,smt-68,check,0,false
GUAVA-110_1,smt-68,solve,98,SAT
GUAVA-110_1,smt-160,check,0,false
GUAVA-110_1,smt-160,solve,21,UNSAT
GUAVA-110_1,smt-160,update,0,
GUAVA-110_1,smt-11,check,0,false
FASTJSON-32_1,smt-61,solve,5002,UNKNOWN
GUAVA-110_1,smt-11,solve,668,SAT
GUAVA-110_1,smt-50,check,0,true
GUAVA-110_1,smt-44,check,0,false
GUAVA-110_1,smt-44,solve,3,SAT
FASTJSON-32_1,smt-132,check,9,false
GUAVA-110_1,smt-16,check,0,false
GUAVA-110_1,smt-16,solve,145,SAT
GUAVA-110_1,smt-146,check,0,true
GUAVA-110_1,smt-125,check,0,false
GUAVA-110_1,smt-125,solve,3,SAT
GUAVA-110_1,smt-94,check,0,true
GUAVA-110_1,smt-192,check,0,true
GUAVA-110_1,smt-177,check,0,false
FASTJSON-4_1,smt-6,solve,4177,SAT
FASTJSON-4_1,smt-103,check,0,false
FASTJSON-4_1,smt-103,solve,9,SAT
FASTJSON-4_1,smt-126,check,0,false
FASTJSON-4_1,smt-126,solve,4,SAT
FASTJSON-4_1,smt-29,check,0,false
FASTJSON-4_1,smt-29,solve,3,SAT
FASTJSON-4_1,smt-5,check,0,false
FASTJSON-4_1,smt-5,solve,4,SAT
FASTJSON-4_1,smt-135,check,0,false
FASTJSON-4_1,smt-135,solve,6,SAT
SPOON-165_1,smt-34,solve,5012,UNKNOWN
FASTJSON-4_1,smt-143,check,0,false
FASTJSON-4_1,smt-143,solve,6,UNSAT
FASTJSON-4_1,smt-143,update,0,
FASTJSON-4_1,smt-86,check,0,true
FASTJSON-4_1,smt-106,check,0,true
FASTJSON-4_1,smt-15,check,0,true
FASTJSON-4_1,smt-14,check,0,true
FASTJSON-4_1,smt-145,check,0,false
FASTJSON-4_1,smt-145,solve,7,SAT
FASTJSON-4_1,smt-131,check,0,true
FASTJSON-4_1,smt-65,check,0,true
FASTJSON-4_1,smt-113,check,0,false
FASTJSON-4_1,smt-113,solve,5,SAT
FASTJSON-4_1,smt-54,check,1,false
SPOON-165_1,smt-11,check,0,true
SPOON-165_1,smt-16,check,0,false
SPOON-165_1,smt-16,solve,5,SAT
SPOON-165_1,smt-9,check,0,false
SPOON-165_1,smt-9,solve,4,SAT
SPOON-165_1,smt-12,check,0,false
SPOON-165_1,smt-12,solve,4,SAT
FASTJSON-4_1,smt-54,solve,62,UNSAT
FASTJSON-4_1,smt-54,update,0,
SPOON-165_1,smt-22,check,1,false
FASTJSON-4_1,smt-55,check,0,false
FASTJSON-4_1,smt-55,solve,7,SAT
FASTJSON-4_1,smt-109,check,0,false
FASTJSON-4_1,smt-109,solve,6,SAT
FASTJSON-4_1,smt-23,check,0,true
FASTJSON-4_1,smt-77,check,0,true
GUAVA-114_1,smt-57,check,0,false
GUAVA-114_1,smt-57,solve,12,UNSAT
GUAVA-114_1,smt-57,update,0,
GUAVA-114_1,smt-311,check,0,false
SPOON-155_1,smt-31,solve,4110,UNSAT
SPOON-155_1,smt-31,update,0,
GUAVA-85_1,smt-78,solve,5003,UNKNOWN
GUAVA-85_1,smt-80,check,3,false
GUAVA-85_1,smt-80,solve,65,UNSAT
GUAVA-85_1,smt-80,update,0,
GUAVA-85_1,smt-115,check,15,false
GUAVA-114_1,smt-311,solve,367,UNSAT
GUAVA-114_1,smt-311,update,1,
SPOON-157_1,smt-21,check,7,false
GUAVA-114_1,smt-173,check,0,false
SPOON-155_1,smt-53,check,5,true
SPOON-155_1,smt-7,check,0,false
SPOON-155_1,smt-7,solve,3,UNSAT
SPOON-155_1,smt-7,update,0,
GUAVA-114_1,smt-173,solve,54,UNSAT
GUAVA-114_1,smt-173,update,0,
GUAVA-114_1,smt-225,check,4,false
SPOON-155_1,smt-27,check,8,true
SPOON-155_1,smt-75,check,5,true
GUAVA-114_1,smt-225,solve,166,UNSAT
GUAVA-114_1,smt-225,update,0,
GUAVA-114_1,smt-227,check,6,false
SPOON-155_1,smt-67,check,6,true
GUAVA-45_1,smt-110,solve,2475,SAT
GUAVA-114_1,smt-227,solve,212,UNSAT
GUAVA-114_1,smt-227,update,0,
SPOON-155_1,smt-48,check,5,true
GUAVA-85_1,smt-115,solve,391,UNSAT
GUAVA-85_1,smt-115,update,0,
SPOON-155_1,smt-18,check,0,false
GUAVA-114_1,smt-361,check,52,false
GUAVA-85_1,smt-33,check,10,false
SPOON-155_1,smt-18,solve,112,UNSAT
SPOON-155_1,smt-18,update,0,
GUAVA-45_1,smt-52,check,3,false
SPOON-155_1,smt-59,check,5,true
SPOON-155_1,smt-42,check,4,true
SPOON-155_1,smt-4,check,0,false
GUAVA-85_1,smt-33,solve,242,UNSAT
GUAVA-85_1,smt-33,update,0,
SPOON-155_1,smt-4,solve,152,UNSAT
SPOON-155_1,smt-4,update,0,
GUAVA-85_1,smt-73,check,5,false
SPOON-155_1,smt-66,check,4,true
FASTJSON-32_1,smt-132,solve,5003,UNKNOWN
GUAVA-114_1,smt-361,solve,623,UNSAT
GUAVA-114_1,smt-361,update,1,
FASTJSON-32_1,smt-108,check,12,false
GUAVA-110_1,smt-177,solve,5002,UNKNOWN
GUAVA-114_1,smt-271,check,3,false
GUAVA-110_1,smt-9,check,0,false
GUAVA-110_1,smt-9,solve,34,UNSAT
GUAVA-110_1,smt-9,update,0,
GUAVA-85_1,smt-73,solve,107,UNSAT
GUAVA-85_1,smt-73,update,0,
GUAVA-110_1,smt-12,check,0,false
GUAVA-110_1,smt-12,solve,2,SAT
GUAVA-110_1,smt-61,check,0,false
SPOON-155_1,smt-24,check,12,true
GUAVA-45_1,smt-52,solve,568,SAT
SPOON-155_1,smt-36,check,2,true
FASTJSON-32_1,smt-108,solve,202,UNSAT
FASTJSON-32_1,smt-108,update,0,
GUAVA-85_1,smt-105,check,108,false
GUAVA-110_1,smt-61,solve,211,SAT
GUAVA-110_1,smt-170,check,0,false
GUAVA-45_1,smt-39,check,0,false
FASTJSON-32_1,smt-22,check,12,false
SPOON-155_1,smt-76,check,9,true
SPOON-155_1,smt-60,check,6,true
SPOON-155_1,smt-38,check,0,false
SPOON-155_1,smt-38,solve,5,SAT
SPOON-155_1,smt-45,check,0,false
GUAVA-110_1,smt-170,solve,493,SAT
FASTJSON-32_1,smt-22,solve,201,UNSAT
FASTJSON-32_1,smt-22,update,0,
GUAVA-110_1,smt-198,check,0,false
FASTJSON-32_1,smt-62,check,12,false
SPOON-165_1,smt-22,solve,5003,UNKNOWN
SPOON-155_1,smt-45,solve,219,UNSAT
SPOON-155_1,smt-45,update,0,
GUAVA-110_1,smt-198,solve,393,SAT
GUAVA-110_1,smt-132,check,0,false
FASTJSON-32_1,smt-62,solve,161,UNSAT
FASTJSON-32_1,smt-62,update,0,
FASTJSON-32_1,smt-63,check,7,false
GUAVA-110_1,smt-132,solve,108,UNSAT
GUAVA-110_1,smt-132,update,0,
GUAVA-45_1,smt-39,solve,415,SAT
GUAVA-110_1,smt-108,check,0,false
GUAVA-110_1,smt-108,solve,3,UNSAT
GUAVA-110_1,smt-108,update,0,
GUAVA-110_1,smt-196,check,0,false
GUAVA-45_1,smt-46,check,2,false
GUAVA-110_1,smt-196,solve,107,SAT
GUAVA-110_1,smt-205,check,0,false
SPOON-155_1,smt-64,check,13,true
SPOON-155_1,smt-25,check,5,true
SPOON-155_1,smt-32,check,14,true
SPOON-155_1,smt-43,check,4,true
SPOON-155_1,smt-47,check,0,false
GUAVA-85_1,smt-105,solve,655,UNSAT
GUAVA-85_1,smt-105,update,0,
SPOON-155_1,smt-47,solve,278,UNSAT
SPOON-155_1,smt-47,update,0,
GUAVA-85_1,smt-117,check,37,false
SPOON-155_1,smt-30,check,5,true
SPOON-155_1,smt-40,check,0,false
SPOON-155_1,smt-40,solve,255,UNSAT
SPOON-155_1,smt-40,update,0,
GUAVA-45_1,smt-46,solve,1056,SAT
SPOON-155_1,smt-20,check,7,true
SPOON-155_1,smt-74,check,6,true
GUAVA-45_1,smt-2,check,0,false
GUAVA-45_1,smt-2,solve,3,SAT
SPOON-155_1,smt-69,check,0,false
GUAVA-45_1,smt-79,check,3,false
GUAVA-114_1,smt-271,solve,5003,UNKNOWN
SPOON-165_1,smt-41,check,78,false
GUAVA-114_1,smt-362,check,26,false
GUAVA-114_1,smt-362,solve,225,UNSAT
GUAVA-114_1,smt-362,update,0,
GUAVA-114_1,smt-394,check,27,false
FASTJSON-32_1,smt-63,solve,5002,UNKNOWN
GUAVA-110_1,smt-205,solve,5002,UNKNOWN
FASTJSON-32_1,smt-119,check,13,false
GUAVA-110_1,smt-163,check,0,false
GUAVA-85_1,smt-117,solve,1955,SAT
GUAVA-114_1,smt-394,solve,396,UNSAT
GUAVA-114_1,smt-394,update,1,
GUAVA-85_1,smt-107,check,1,false
GUAVA-114_1,smt-90,check,0,false
FASTJSON-32_1,smt-119,solve,200,UNSAT
FASTJSON-32_1,smt-119,update,0,
GUAVA-114_1,smt-90,solve,67,SAT
GUAVA-114_1,smt-220,check,1,false
FASTJSON-32_1,smt-41,check,13,false
GUAVA-85_1,smt-107,solve,107,SAT
GUAVA-114_1,smt-220,solve,85,UNSAT
GUAVA-114_1,smt-220,update,0,
GUAVA-85_1,smt-93,check,59,false
GUAVA-110_1,smt-163,solve,781,SAT
GUAVA-110_1,smt-22,check,0,false
GUAVA-114_1,smt-305,check,73,false
FASTJSON-32_1,smt-41,solve,205,UNSAT
FASTJSON-32_1,smt-41,update,0,
FASTJSON-32_1,smt-72,check,13,false
GUAVA-110_1,smt-22,solve,319,SAT
GUAVA-110_1,smt-62,check,0,false
FASTJSON-32_1,smt-72,solve,181,UNSAT
FASTJSON-32_1,smt-72,update,0,
FASTJSON-32_1,smt-112,check,12,false
GUAVA-110_1,smt-62,solve,326,SAT
GUAVA-110_1,smt-63,check,0,false
GUAVA-110_1,smt-63,solve,223,SAT
GUAVA-110_1,smt-119,check,0,false
GUAVA-110_1,smt-119,solve,2,SAT
GUAVA-110_1,smt-41,check,0,false
GUAVA-110_1,smt-41,solve,2,SAT
GUAVA-110_1,smt-194,check,0,false
FASTJSON-32_1,smt-112,solve,174,UNSAT
FASTJSON-32_1,smt-112,update,0,
FASTJSON-32_1,smt-6,check,12,false
GUAVA-110_1,smt-194,solve,186,SAT
GUAVA-110_1,smt-72,check,0,false
GUAVA-110_1,smt-72,solve,199,SAT
GUAVA-110_1,smt-136,check,0,false
GUAVA-110_1,smt-136,solve,2,SAT
GUAVA-110_1,smt-166,check,0,false
FASTJSON-32_1,smt-6,solve,199,UNSAT
FASTJSON-32_1,smt-6,update,0,
FASTJSON-32_1,smt-103,check,15,false
SPOON-155_1,smt-69,solve,5002,UNKNOWN
FASTJSON-32_1,smt-103,solve,166,UNSAT
FASTJSON-32_1,smt-103,update,0,
SPOON-155_1,smt-3,check,0,false
FASTJSON-32_1,smt-126,check,12,false
GUAVA-110_1,smt-166,solve,661,SAT
GUAVA-110_1,smt-140,check,1,false
GUAVA-45_1,smt-79,solve,2744,UNSAT
GUAVA-45_1,smt-79,update,0,
GUAVA-110_1,smt-140,solve,163,UNSAT
GUAVA-110_1,smt-140,update,0,
FASTJSON-32_1,smt-126,solve,147,UNSAT
FASTJSON-32_1,smt-126,update,0,
SPOON-155_1,smt-3,solve,168,UNSAT
SPOON-155_1,smt-3,update,0,
GUAVA-110_1,smt-157,check,0,true
GUAVA-110_1,smt-112,check,0,false
SPOON-155_1,smt-10,check,0,false
FASTJSON-32_1,smt-29,check,12,false
GUAVA-110_1,smt-112,solve,22,UNSAT
GUAVA-110_1,smt-112,update,0,
GUAVA-110_1,smt-6,check,0,true
GUAVA-110_1,smt-103,check,0,false
GUAVA-110_1,smt-103,solve,3,SAT
GUAVA-110_1,smt-126,check,0,false
GUAVA-110_1,smt-126,solve,4,SAT
GUAVA-110_1,smt-29,check,0,false
GUAVA-45_1,smt-8,check,0,false
GUAVA-45_1,smt-8,solve,4,UNSAT
GUAVA-45_1,smt-8,update,0,
GUAVA-45_1,smt-19,check,0,false
GUAVA-45_1,smt-19,solve,8,SAT
GUAVA-45_1,smt-95,check,0,false
SPOON-155_1,smt-10,solve,540,SAT
SPOON-155_1,smt-49,check,3,true
SPOON-155_1,smt-13,check,0,false
GUAVA-110_1,smt-29,solve,758,SAT
GUAVA-110_1,smt-5,check,0,false
GUAVA-110_1,smt-5,solve,2,SAT
GUAVA-110_1,smt-178,check,0,false
GUAVA-45_1,smt-95,solve,140,SAT
GUAVA-45_1,smt-84,check,0,false
GUAVA-45_1,smt-84,solve,9,SAT
GUAVA-45_1,smt-78,check,2,false
GUAVA-85_1,smt-93,solve,2282,SAT
SPOON-155_1,smt-13,solve,184,UNSAT
SPOON-155_1,smt-13,update,0,
SPOON-155_1,smt-17,check,0,false
GUAVA-85_1,smt-70,check,3,false
FASTJSON-32_1,smt-29,solve,1278,UNSAT
FASTJSON-32_1,smt-29,update,0,
FASTJSON-32_1,smt-5,check,13,false
GUAVA-85_1,smt-70,solve,56,UNSAT
GUAVA-85_1,smt-70,update,0,
SPOON-155_1,smt-17,solve,180,UNSAT
SPOON-155_1,smt-17,update,0,
GUAVA-85_1,smt-96,check,34,false
SPOON-155_1,smt-21,check,6,true
SPOON-155_1,smt-58,check,3,true
SPOON-155_1,smt-51,check,2,true
SPOON-155_1,smt-71,check,0,false
SPOON-155_1,smt-71,solve,4,SAT
FASTJSON-32_1,smt-5,solve,221,UNSAT
FASTJSON-32_1,smt-5,update,0,
FASTJSON-32_1,smt-86,check,12,false
SPOON-155_1,smt-26,check,8,true
GUAVA-114_1,smt-305,solve,5060,UNKNOWN
SPOON-155_1,smt-52,check,6,true
FASTJSON-32_1,smt-86,solve,162,UNSAT
FASTJSON-32_1,smt-86,update,0,
FASTJSON-32_1,smt-106,check,10,false
SPOON-155_1,smt-39,check,9,true
GUAVA-45_1,smt-78,solve,712,SAT
GUAVA-45_1,smt-80,check,2,false
SPOON-155_1,smt-46,check,9,true
SPOON-155_1,smt-2,check,0,false
SPOON-155_1,smt-2,solve,4,SAT
SPOON-155_1,smt-8,check,0,false
SPOON-155_1,smt-8,solve,5,SAT
GUAVA-85_1,smt-96,solve,436,UNSAT
GUAVA-85_1,smt-96,update,0,
GUAVA-114_1,smt-191,check,1,false
SPOON-157_1,smt-21,solve,5004,UNKNOWN
GUAVA-85_1,smt-91,check,1,false
GUAVA-114_1,smt-191,solve,73,UNSAT
GUAVA-114_1,smt-191,update,0,
SPOON-155_1,smt-19,check,10,true
GUAVA-85_1,smt-91,solve,26,UNSAT
GUAVA-85_1,smt-91,update,0,
GUAVA-114_1,smt-37,check,0,false
GUAVA-85_1,smt-35,check,8,false
SPOON-157_1,smt-2,check,0,false
SPOON-155_1,smt-33,check,6,true
SPOON-157_1,smt-2,solve,32,SAT
SPOON-157_1,smt-8,check,0,false
SPOON-155_1,smt-73,check,0,false
GUAVA-114_1,smt-37,solve,71,UNSAT
GUAVA-114_1,smt-37,update,0,
GUAVA-114_1,smt-1,check,0,false
GUAVA-114_1,smt-1,solve,8,SAT
SPOON-157_1,smt-8,solve,23,SAT
GUAVA-114_1,smt-142,check,3,false
GUAVA-85_1,smt-35,solve,185,UNSAT
GUAVA-85_1,smt-35,update,0,
GUAVA-85_1,smt-98,check,1,false
GUAVA-85_1,smt-98,solve,36,UNSAT
GUAVA-85_1,smt-98,update,0,
SPOON-155_1,smt-73,solve,337,UNSAT
SPOON-155_1,smt-73,update,0,
GUAVA-85_1,smt-56,check,0,true
GUAVA-85_1,smt-28,check,0,false
SPOON-155_1,smt-70,check,0,false
SPOON-155_1,smt-70,solve,5,SAT
GUAVA-85_1,smt-28,solve,62,SAT
GUAVA-85_1,smt-129,check,11,false
SPOON-155_1,smt-35,check,7,true
SPOON-155_1,smt-56,check,2,true
SPOON-155_1,smt-28,check,11,true
GUAVA-110_1,smt-178,solve,5002,UNKNOWN
GUAVA-110_1,smt-135,check,0,false
GUAVA-110_1,smt-135,solve,11,UNSAT
GUAVA-110_1,smt-135,update,0,
GUAVA-110_1,smt-143,check,0,false
SPOON-155_1,smt-34,check,8,true
SPOON-155_1,smt-68,check,0,false
GUAVA-110_1,smt-143,solve,52,UNSAT
GUAVA-110_1,smt-143,update,0,
GUAVA-110_1,smt-86,check,0,false
GUAVA-110_1,smt-86,solve,3,SAT
GUAVA-110_1,smt-185,check,0,false
SPOON-155_1,smt-68,solve,262,UNSAT
SPOON-155_1,smt-68,update,0,
SPOON-155_1,smt-11,check,0,false
SPOON-155_1,smt-11,solve,4,SAT
SPOON-155_1,smt-50,check,3,true
SPOON-155_1,smt-44,check,9,true
SPOON-155_1,smt-16,check,0,false
FASTJSON-32_1,smt-106,solve,5007,UNKNOWN
GUAVA-45_1,smt-80,solve,2195,SAT
FASTJSON-32_1,smt-15,check,8,false
SPOON-155_1,smt-16,solve,124,UNSAT
SPOON-155_1,smt-16,update,0,
SPOON-155_1,smt-9,check,0,false
SPOON-155_1,smt-9,solve,3,SAT
SPOON-155_1,smt-12,check,0,false
FASTJSON-32_1,smt-15,solve,156,UNSAT
FASTJSON-32_1,smt-15,update,0,
GUAVA-45_1,smt-115,check,7,false
FASTJSON-32_1,smt-14,check,9,false
SPOON-155_1,smt-12,solve,158,UNSAT
SPOON-155_1,smt-12,update,0,
SPOON-155_1,smt-61,check,0,false
SPOON-155_1,smt-61,solve,4,SAT
SPOON-157_1,smt-19,check,6,false
SPOON-155_1,smt-22,check,6,true
SPOON-155_1,smt-62,check,2,true
SPOON-155_1,smt-63,check,0,false
GUAVA-114_1,smt-142,solve,5002,UNKNOWN
GUAVA-114_1,smt-162,check,2,false
GUAVA-114_1,smt-162,solve,99,UNSAT
GUAVA-114_1,smt-162,update,0,
GUAVA-114_1,smt-87,check,0,false
GUAVA-114_1,smt-87,solve,38,UNSAT
GUAVA-114_1,smt-87,update,0,
GUAVA-114_1,smt-386,check,37,false
SPOON-165_1,smt-41,solve,5015,UNKNOWN
GUAVA-85_1,smt-129,solve,5002,UNKNOWN
GUAVA-85_1,smt-34,check,1,false
GUAVA-114_1,smt-386,solve,405,UNSAT
GUAVA-114_1,smt-386,update,0,
SPOON-165_1,smt-6,check,0,false
SPOON-165_1,smt-6,solve,3,SAT
SPOON-165_1,smt-29,check,1,false
GUAVA-85_1,smt-34,solve,117,SAT
GUAVA-85_1,smt-68,check,3,false
GUAVA-114_1,smt-412,check,99,false
GUAVA-110_1,smt-185,solve,5002,UNKNOWN
GUAVA-110_1,smt-106,check,0,true
GUAVA-110_1,smt-15,check,0,false
GUAVA-110_1,smt-15,solve,4,SAT
GUAVA-110_1,smt-189,check,0,false
GUAVA-85_1,smt-68,solve,56,UNSAT
GUAVA-85_1,smt-68,update,0,
GUAVA-110_1,smt-189,solve,69,UNSAT
GUAVA-110_1,smt-189,update,0,
GUAVA-85_1,smt-11,check,2,false
GUAVA-110_1,smt-195,check,0,true
GUAVA-110_1,smt-210,check,0,false
GUAVA-85_1,smt-11,solve,38,UNSAT
GUAVA-85_1,smt-11,update,0,
GUAVA-85_1,smt-50,check,3,false
GUAVA-45_1,smt-115,solve,1313,SAT
GUAVA-85_1,smt-50,solve,47,UNSAT
GUAVA-85_1,smt-50,update,0,
GUAVA-85_1,smt-44,check,1,false
GUAVA-85_1,smt-44,solve,35,UNSAT
GUAVA-85_1,smt-44,update,0,
GUAVA-85_1,smt-16,check,1,false
GUAVA-45_1,smt-33,check,1,false
GUAVA-110_1,smt-210,solve,639,SAT
GUAVA-114_1,smt-412,solve,422,UNSAT
GUAVA-114_1,smt-412,update,1,
GUAVA-110_1,smt-14,check,0,true
GUAVA-110_1,smt-200,check,0,false
GUAVA-114_1,smt-158,check,2,false
GUAVA-85_1,smt-16,solve,310,SAT
GUAVA-114_1,smt-158,solve,79,UNSAT
GUAVA-114_1,smt-158,update,0,
GUAVA-85_1,smt-125,check,21,false
GUAVA-114_1,smt-392,check,137,false
GUAVA-110_1,smt-200,solve,678,SAT
GUAVA-110_1,smt-204,check,0,false
FASTJSON-32_1,smt-14,solve,5003,UNKNOWN
FASTJSON-32_1,smt-131,check,7,false
GUAVA-85_1,smt-125,solve,245,UNSAT
GUAVA-85_1,smt-125,update,0,
GUAVA-85_1,smt-94,check,1,false
GUAVA-45_1,smt-33,solve,790,SAT
GUAVA-114_1,smt-392,solve,623,UNSAT
GUAVA-114_1,smt-392,update,1,
GUAVA-85_1,smt-94,solve,153,SAT
GUAVA-85_1,smt-9,check,7,false
GUAVA-114_1,smt-264,check,20,false
SPOON-155_1,smt-63,solve,5002,UNKNOWN
GUAVA-45_1,smt-73,check,3,false
SPOON-155_1,smt-41,check,5,true
SPOON-155_1,smt-72,check,5,true
SPOON-155_1,smt-6,check,0,false
SPOON-155_1,smt-6,solve,4,SAT
SPOON-155_1,smt-29,check,14,true
SPOON-155_1,smt-5,check,1,false
GUAVA-110_1,smt-204,solve,2533,SAT
GUAVA-110_1,smt-145,check,0,false
GUAVA-110_1,smt-145,solve,17,SAT
GUAVA-110_1,smt-131,check,0,false
SPOON-155_1,smt-5,solve,169,UNSAT
SPOON-155_1,smt-5,update,0,
SPOON-155_1,smt-15,check,0,false
SPOON-155_1,smt-15,solve,114,UNSAT
SPOON-155_1,smt-15,update,0,
SPOON-155_1,smt-14,check,0,false
SPOON-155_1,smt-14,solve,4,SAT
GUAVA-110_1,smt-131,solve,448,SAT
SPOON-155_1,smt-65,check,4,true
GUAVA-110_1,smt-65,check,0,false
SPOON-165_1,smt-29,solve,5005,UNKNOWN
GUAVA-110_1,smt-65,solve,407,SAT
GUAVA-110_1,smt-113,check,0,false
GUAVA-110_1,smt-113,solve,28,UNSAT
GUAVA-110_1,smt-113,update,0,
GUAVA-110_1,smt-54,check,0,false
SPOON-155_1,smt-54,check,14,true
GUAVA-110_1,smt-54,solve,3,SAT
GUAVA-110_1,smt-55,check,0,false
GUAVA-110_1,smt-55,solve,2,SAT
GUAVA-110_1,smt-184,check,0,false
SPOON-155_1,smt-55,check,5,true
SPOON-165_1,smt-5,check,0,false
SPOON-165_1,smt-5,solve,4,SAT
SPOON-165_1,smt-15,check,0,true
SPOON-165_1,smt-14,check,0,true
SPOON-155_1,smt-23,check,5,true
SPOON-155_1,smt-77,check,0,false
SPOON-165_1,smt-23,check,1,false
GUAVA-45_1,smt-73,solve,1385,SAT
GUAVA-45_1,smt-105,check,1,false
SPOON-165_1,smt-23,solve,504,UNSAT
SPOON-165_1,smt-23,update,0,
SPOON-103_1,smt-1,check,0,false
SPOON-103_1,smt-1,solve,3,SAT
SPOON-103_1,smt-7,check,0,false
FASTJSON-32_1,smt-131,solve,5003,UNKNOWN
FASTJSON-32_1,smt-65,check,15,false
GUAVA-45_1,smt-105,solve,492,SAT
GUAVA-45_1,smt-117,check,0,false
FASTJSON-32_1,smt-65,solve,141,UNSAT
FASTJSON-32_1,smt-65,update,0,
FASTJSON-32_1,smt-113,check,12,false
GUAVA-114_1,smt-264,solve,5002,UNKNOWN
GUAVA-85_1,smt-9,solve,5002,UNKNOWN
GUAVA-85_1,smt-12,check,1,false
GUAVA-85_1,smt-12,solve,59,UNSAT
GUAVA-85_1,smt-12,update,0,
SPOON-103_1,smt-7,solve,627,UNSAT
SPOON-103_1,smt-7,update,0,
GUAVA-85_1,smt-61,check,7,false
FASTJSON-32_1,smt-113,solve,239,UNSAT
FASTJSON-32_1,smt-113,update,0,
FASTJSON-32_1,smt-54,check,15,false
GUAVA-114_1,smt-237,check,10,false
SPOON-103_1,smt-18,check,0,false
GUAVA-85_1,smt-61,solve,97,UNSAT
GUAVA-85_1,smt-61,update,0,
FASTJSON-32_1,smt-54,solve,157,UNSAT
FASTJSON-32_1,smt-54,update,0,
GUAVA-114_1,smt-237,solve,196,UNSAT
GUAVA-114_1,smt-237,update,0,
FASTJSON-32_1,smt-55,check,7,false
GUAVA-114_1,smt-282,check,9,false
GUAVA-85_1,smt-132,check,224,false
GUAVA-114_1,smt-282,solve,102,UNSAT
GUAVA-114_1,smt-282,update,0,
GUAVA-114_1,smt-325,check,6,false
SPOON-103_1,smt-18,solve,744,UNSAT
SPOON-103_1,smt-18,update,0,
GUAVA-110_1,smt-184,solve,5003,UNKNOWN
GUAVA-110_1,smt-181,check,0,false
SPOON-103_1,smt-4,check,0,false
GUAVA-110_1,smt-181,solve,19,UNSAT
GUAVA-110_1,smt-181,update,0,
GUAVA-110_1,smt-109,check,0,false
GUAVA-110_1,smt-109,solve,30,UNSAT
GUAVA-110_1,smt-109,update,0,
GUAVA-110_1,smt-165,check,0,false
SPOON-155_1,smt-77,solve,5002,UNKNOWN
FASTJSON-31_1,smt-57,check,0,false
GUAVA-45_1,smt-117,solve,2360,SAT
GUAVA-45_1,smt-107,check,0,false
GUAVA-110_1,smt-165,solve,622,SAT
GUAVA-110_1,smt-193,check,0,true
GUAVA-110_1,smt-23,check,0,false
SPOON-103_1,smt-4,solve,706,UNSAT
SPOON-103_1,smt-4,update,0,
GUAVA-45_1,smt-107,solve,225,UNSAT
GUAVA-45_1,smt-107,update,0,
GUAVA-45_1,smt-93,check,2,false
SPOON-103_1,smt-20,check,0,false
GUAVA-110_1,smt-23,solve,812,SAT
GUAVA-110_1,smt-77,check,0,false
GUAVA-110_1,smt-77,solve,2,SAT
SPOON-103_1,smt-20,solve,1097,UNSAT
SPOON-103_1,smt-20,update,0,
FASTJSON-32_1,smt-55,solve,5003,UNKNOWN
SPOON-103_1,smt-3,check,0,false
SPOON-157_1,smt-19,solve,5026,UNKNOWN
SPOON-103_1,smt-3,solve,2,SAT
FASTJSON-32_1,smt-109,check,13,false
SPOON-103_1,smt-10,check,0,false
SPOON-157_1,smt-11,check,0,false
GUAVA-114_1,smt-325,solve,5002,UNKNOWN
SPOON-157_1,smt-11,solve,39,SAT
SPOON-157_1,smt-16,check,0,false
GUAVA-45_1,smt-93,solve,1257,SAT
FASTJSON-32_1,smt-109,solve,170,UNSAT
FASTJSON-32_1,smt-109,update,0,
SPOON-157_1,smt-16,solve,61,SAT
SPOON-157_1,smt-9,check,0,false
FASTJSON-32_1,smt-23,check,13,false
SPOON-157_1,smt-9,solve,24,SAT
SPOON-157_1,smt-12,check,0,false
SPOON-157_1,smt-12,solve,16,SAT
GUAVA-114_1,smt-323,check,61,false
GUAVA-45_1,smt-70,check,0,false
GUAVA-85_1,smt-132,solve,2203,UNSAT
GUAVA-85_1,smt-132,update,1,
SPOON-103_1,smt-10,solve,573,UNSAT
SPOON-103_1,smt-10,update,0,
GUAVA-45_1,smt-70,solve,166,SAT
GUAVA-114_1,smt-323,solve,258,UNSAT
GUAVA-114_1,smt-323,update,0,
GUAVA-45_1,smt-96,check,0,false
GUAVA-114_1,smt-266,check,34,false
GUAVA-45_1,smt-96,solve,36,SAT
SPOON-103_1,smt-13,check,0,false
GUAVA-45_1,smt-91,check,7,false
GUAVA-85_1,smt-108,check,89,false
FASTJSON-31_1,smt-57,solve,5002,UNKNOWN
FASTJSON-31_1,smt-37,check,0,false
FASTJSON-31_1,smt-37,solve,21,UNSAT
FASTJSON-31_1,smt-37,update,0,
FASTJSON-31_1,smt-1,check,0,false
GUAVA-114_1,smt-266,solve,225,UNSAT
GUAVA-114_1,smt-266,update,0,
GUAVA-114_1,smt-395,check,92,false
FASTJSON-31_1,smt-1,solve,213,SAT
FASTJSON-31_1,smt-31,check,0,false
FASTJSON-31_1,smt-31,solve,77,UNSAT
FASTJSON-31_1,smt-31,update,0,
FASTJSON-31_1,smt-53,check,0,false
FASTJSON-31_1,smt-53,solve,3,UNSAT
FASTJSON-31_1,smt-53,update,0,
FASTJSON-31_1,smt-7,check,0,false
GUAVA-114_1,smt-395,solve,357,UNSAT
GUAVA-114_1,smt-395,update,1,
GUAVA-114_1,smt-270,check,30,false
GUAVA-114_1,smt-270,solve,295,UNSAT
GUAVA-114_1,smt-270,update,0,
GUAVA-114_1,smt-31,check,0,false
GUAVA-114_1,smt-31,solve,63,UNSAT
GUAVA-114_1,smt-31,update,0,
GUAVA-114_1,smt-89,check,0,false
SPOON-157_1,smt-22,check,6,false
GUAVA-45_1,smt-91,solve,1848,SAT
FASTJSON-32_1,smt-23,solve,5002,UNKNOWN
FASTJSON-32_1,smt-77,check,7,false
GUAVA-45_1,smt-35,check,0,false
GUAVA-45_1,smt-35,solve,281,SAT
GUAVA-45_1,smt-98,check,0,false
GUAVA-45_1,smt-98,solve,69,SAT
GUAVA-45_1,smt-56,check,0,false
GUAVA-45_1,smt-56,solve,3,SAT
GUAVA-45_1,smt-28,check,0,false
GUAVA-45_1,smt-28,solve,8,UNSAT
GUAVA-45_1,smt-28,update,0,
GUAVA-45_1,smt-34,check,0,false
SPOON-103_1,smt-13,solve,5025,UNKNOWN
GUAVA-45_1,smt-34,solve,90,SAT
GUAVA-45_1,smt-68,check,0,false
GUAVA-45_1,smt-68,solve,2,UNSAT
GUAVA-45_1,smt-68,update,0,
GUAVA-45_1,smt-11,check,0,false
GUAVA-45_1,smt-11,solve,7,SAT
GUAVA-45_1,smt-50,check,4,false
FASTJSON-31_1,smt-7,solve,5002,UNKNOWN
SPOON-103_1,smt-17,check,0,false
FASTJSON-31_1,smt-27,check,0,false
SPOON-103_1,smt-17,solve,43,UNSAT
SPOON-103_1,smt-17,update,0,
SPOON-103_1,smt-21,check,1,false
FASTJSON-31_1,smt-27,solve,226,SAT
FASTJSON-31_1,smt-75,check,0,false
FASTJSON-31_1,smt-75,solve,3,UNSAT
FASTJSON-31_1,smt-75,update,0,
FASTJSON-31_1,smt-67,check,0,false
FASTJSON-31_1,smt-67,solve,5,UNSAT
FASTJSON-31_1,smt-67,update,0,
FASTJSON-31_1,smt-48,check,0,false
FASTJSON-31_1,smt-48,solve,19,UNSAT
FASTJSON-31_1,smt-48,update,0,
FASTJSON-31_1,smt-18,check,0,false
GUAVA-85_1,smt-108,solve,5002,UNKNOWN
GUAVA-114_1,smt-89,solve,5002,UNKNOWN
GUAVA-114_1,smt-53,check,0,false
GUAVA-114_1,smt-53,solve,2,SAT
GUAVA-114_1,smt-7,check,0,false
GUAVA-85_1,smt-22,check,1,false
GUAVA-85_1,smt-22,solve,92,SAT
GUAVA-85_1,smt-62,check,8,false
GUAVA-114_1,smt-7,solve,126,SAT
GUAVA-114_1,smt-379,check,40,false
GUAVA-85_1,smt-62,solve,105,UNSAT
GUAVA-85_1,smt-62,update,0,
GUAVA-85_1,smt-63,check,9,false
GUAVA-114_1,smt-379,solve,193,UNSAT
GUAVA-114_1,smt-379,update,0,
GUAVA-45_1,smt-50,solve,1114,SAT
GUAVA-114_1,smt-202,check,6,false
GUAVA-85_1,smt-63,solve,83,UNSAT
GUAVA-85_1,smt-63,update,0,
GUAVA-114_1,smt-202,solve,138,UNSAT
GUAVA-114_1,smt-202,update,0,
GUAVA-114_1,smt-27,check,0,false
GUAVA-114_1,smt-27,solve,3,SAT
GUAVA-45_1,smt-44,check,4,false
GUAVA-85_1,smt-119,check,100,false
GUAVA-114_1,smt-312,check,186,false
FASTJSON-32_1,smt-77,solve,5002,UNKNOWN
GUAVA-114_1,smt-312,solve,392,UNSAT
GUAVA-114_1,smt-312,update,1,
GUAVA-114_1,smt-281,check,13,false
GUAVA-114_1,smt-281,solve,151,UNSAT
GUAVA-114_1,smt-281,update,0,
GUAVA-114_1,smt-75,check,0,false
GUAVA-114_1,smt-75,solve,49,UNSAT
GUAVA-114_1,smt-75,update,0,
GUAVA-114_1,smt-67,check,0,false
FASTJSON-31_1,smt-18,solve,5002,UNKNOWN
FASTJSON-31_1,smt-59,check,0,false
SPOON-103_1,smt-21,solve,5002,UNKNOWN
GUAVA-45_1,smt-44,solve,1292,UNSAT
GUAVA-45_1,smt-44,update,0,
GUAVA-45_1,smt-16,check,0,false
GUAVA-45_1,smt-16,solve,4,SAT
SPOON-103_1,smt-2,check,1,false
GUAVA-45_1,smt-94,check,5,false
SPOON-103_1,smt-2,solve,628,UNSAT
SPOON-103_1,smt-2,update,0,
SPOON-103_1,smt-8,check,0,false
SPOON-103_1,smt-8,solve,3,SAT
SPOON-103_1,smt-19,check,1,false
FASTJSON-31_1,smt-59,solve,3529,SAT
FASTJSON-31_1,smt-42,check,0,false
GUAVA-85_1,smt-119,solve,4034,SAT
GUAVA-114_1,smt-67,solve,5002,UNKNOWN
GUAVA-114_1,smt-411,check,8,false
SPOON-103_1,smt-19,solve,992,UNSAT
SPOON-103_1,smt-19,update,0,
GUAVA-85_1,smt-41,check,0,true
GUAVA-85_1,smt-72,check,9,false
GUAVA-114_1,smt-411,solve,104,UNSAT
GUAVA-114_1,smt-411,update,0,
SPOON-103_1,smt-11,check,0,false
GUAVA-114_1,smt-280,check,23,false
SPOON-103_1,smt-11,solve,3,SAT
SPOON-103_1,smt-16,check,0,false
SPOON-103_1,smt-16,solve,2,SAT
SPOON-103_1,smt-9,check,2,false
GUAVA-85_1,smt-72,solve,129,UNSAT
GUAVA-85_1,smt-72,update,0,
GUAVA-114_1,smt-280,solve,178,UNSAT
GUAVA-114_1,smt-280,update,0,
GUAVA-114_1,smt-147,check,3,false
GUAVA-85_1,smt-136,check,123,false
GUAVA-114_1,smt-147,solve,83,UNSAT
GUAVA-114_1,smt-147,update,0,
GUAVA-114_1,smt-88,check,0,false
GUAVA-114_1,smt-88,solve,16,UNSAT
GUAVA-114_1,smt-88,update,0,
GUAVA-114_1,smt-297,check,231,false
GUAVA-114_1,smt-297,solve,338,UNSAT
GUAVA-114_1,smt-297,update,1,
GUAVA-114_1,smt-167,check,10,false
GUAVA-114_1,smt-167,solve,98,UNSAT
GUAVA-114_1,smt-167,update,0,
GUAVA-114_1,smt-333,check,181,false
GUAVA-45_1,smt-94,solve,3851,SAT
SPOON-157_1,smt-22,solve,5013,UNKNOWN
GUAVA-114_1,smt-333,solve,343,UNSAT
GUAVA-114_1,smt-333,update,1,
SPOON-157_1,smt-6,check,0,false
SPOON-157_1,smt-6,solve,30,SAT
SPOON-157_1,smt-5,check,0,false
SPOON-157_1,smt-5,solve,16,SAT
GUAVA-45_1,smt-9,check,0,false
SPOON-157_1,smt-15,check,0,false
GUAVA-45_1,smt-9,solve,2,SAT
GUAVA-45_1,smt-12,check,0,false
GUAVA-45_1,smt-12,solve,4,SAT
GUAVA-114_1,smt-287,check,215,false
SPOON-157_1,smt-15,solve,70,SAT
SPOON-157_1,smt-14,check,0,false
GUAVA-45_1,smt-61,check,4,false
SPOON-157_1,smt-14,solve,18,SAT
SPOON-157_1,smt-23,check,0,false
FASTJSON-31_1,smt-42,solve,5001,UNKNOWN
FASTJSON-31_1,smt-4,check,0,false
GUAVA-114_1,smt-287,solve,374,UNSAT
GUAVA-114_1,smt-287,update,0,
FASTJSON-31_1,smt-4,solve,207,SAT
FASTJSON-31_1,smt-66,check,0,false
GUAVA-114_1,smt-326,check,132,false
FASTJSON-31_1,smt-66,solve,224,SAT
FASTJSON-31_1,smt-24,check,0,false
FASTJSON-31_1,smt-24,solve,85,UNSAT
FASTJSON-31_1,smt-24,update,0,
FASTJSON-31_1,smt-36,check,0,false
GUAVA-114_1,smt-326,solve,285,UNSAT
GUAVA-114_1,smt-326,update,0,
GUAVA-114_1,smt-150,check,0,false
GUAVA-114_1,smt-150,solve,15,UNSAT
GUAVA-114_1,smt-150,update,0,
FASTJSON-31_1,smt-36,solve,191,SAT
GUAVA-114_1,smt-250,check,36,false
FASTJSON-31_1,smt-76,check,0,false
SPOON-103_1,smt-9,solve,5002,UNKNOWN
FASTJSON-31_1,smt-76,solve,78,UNSAT
FASTJSON-31_1,smt-76,update,0,
FASTJSON-31_1,smt-60,check,0,false
GUAVA-114_1,smt-250,solve,124,UNSAT
GUAVA-114_1,smt-250,update,0,
GUAVA-114_1,smt-48,check,0,false
SPOON-103_1,smt-12,check,1,false
SPOON-157_1,smt-23,solve,2048,UNSAT
SPOON-157_1,smt-23,update,0,
GUAVA-114_1,smt-48,solve,1016,SAT
GUAVA-114_1,smt-18,check,0,false
GUAVA-114_1,smt-18,solve,9,UNSAT
GUAVA-114_1,smt-18,update,0,
GUAVA-114_1,smt-92,check,0,false
GUAVA-114_1,smt-92,solve,58,UNSAT
GUAVA-114_1,smt-92,update,0,
GUAVA-85_1,smt-136,solve,4675,SAT
GUAVA-114_1,smt-420,check,231,false
GUAVA-85_1,smt-112,check,61,false
GUAVA-114_1,smt-420,solve,246,UNSAT
GUAVA-114_1,smt-420,update,0,
GUAVA-114_1,smt-100,check,0,false
GUAVA-114_1,smt-100,solve,31,UNSAT
GUAVA-114_1,smt-100,update,0,
GUAVA-114_1,smt-230,check,53,false
GUAVA-45_1,smt-61,solve,3188,SAT
GUAVA-45_1,smt-108,check,1,false
FASTJSON-31_1,smt-60,solve,4294,SAT
FASTJSON-31_1,smt-38,check,0,false
GUAVA-85_1,smt-112,solve,543,UNSAT
GUAVA-85_1,smt-112,update,0,
FASTJSON-31_1,smt-38,solve,31,UNSAT
FASTJSON-31_1,smt-38,update,0,
FASTJSON-31_1,smt-45,check,0,true
FASTJSON-31_1,smt-64,check,0,false
FASTJSON-31_1,smt-64,solve,15,UNSAT
FASTJSON-31_1,smt-64,update,0,
FASTJSON-31_1,smt-25,check,0,false
GUAVA-85_1,smt-6,check,7,false
GUAVA-45_1,smt-108,solve,609,SAT
FASTJSON-31_1,smt-25,solve,77,UNSAT
FASTJSON-31_1,smt-25,update,0,
FASTJSON-31_1,smt-32,check,0,true
FASTJSON-31_1,smt-43,check,0,false
GUAVA-45_1,smt-22,check,0,false
GUAVA-45_1,smt-22,solve,4,SAT
GUAVA-45_1,smt-62,check,1,false
FASTJSON-31_1,smt-43,solve,57,UNSAT
FASTJSON-31_1,smt-43,update,0,
FASTJSON-31_1,smt-47,check,0,false
FASTJSON-31_1,smt-47,solve,13,UNSAT
FASTJSON-31_1,smt-47,update,0,
FASTJSON-31_1,smt-30,check,0,false
FASTJSON-31_1,smt-30,solve,54,UNSAT
FASTJSON-31_1,smt-30,update,0,
FASTJSON-31_1,smt-40,check,0,false
FASTJSON-31_1,smt-40,solve,16,UNSAT
FASTJSON-31_1,smt-40,update,0,
FASTJSON-31_1,smt-20,check,0,false
SPOON-103_1,smt-12,solve,5002,UNKNOWN
GUAVA-45_1,smt-62,solve,276,SAT
GUAVA-45_1,smt-63,check,0,false
GUAVA-45_1,smt-63,solve,186,SAT
SPOON-103_1,smt-22,check,1,false
GUAVA-45_1,smt-41,check,0,false
GUAVA-45_1,smt-41,solve,1,SAT
GUAVA-45_1,smt-72,check,1,false
GUAVA-114_1,smt-230,solve,5002,UNKNOWN
GUAVA-45_1,smt-72,solve,524,SAT
GUAVA-45_1,smt-112,check,2,false
GUAVA-114_1,smt-174,check,9,false
GUAVA-85_1,smt-6,solve,5002,UNKNOWN
GUAVA-85_1,smt-103,check,0,false
GUAVA-85_1,smt-103,solve,88,SAT
GUAVA-45_1,smt-112,solve,818,SAT
GUAVA-85_1,smt-126,check,40,false
GUAVA-45_1,smt-6,check,0,false
GUAVA-45_1,smt-6,solve,6,SAT
GUAVA-45_1,smt-103,check,0,false
FASTJSON-31_1,smt-20,solve,5001,UNKNOWN
GUAVA-45_1,smt-103,solve,95,SAT
GUAVA-45_1,smt-29,check,0,false
FASTJSON-31_1,smt-74,check,0,true
FASTJSON-31_1,smt-69,check,0,false
GUAVA-45_1,smt-29,solve,6,SAT
GUAVA-45_1,smt-5,check,0,false
GUAVA-45_1,smt-5,solve,6,SAT
GUAVA-45_1,smt-86,check,0,false
FASTJSON-31_1,smt-69,solve,19,UNSAT
FASTJSON-31_1,smt-69,update,0,
FASTJSON-31_1,smt-3,check,0,false
FASTJSON-31_1,smt-3,solve,197,SAT
FASTJSON-31_1,smt-81,check,0,false
FASTJSON-31_1,smt-81,solve,37,UNSAT
FASTJSON-31_1,smt-81,update,0,
FASTJSON-31_1,smt-10,check,0,false
FASTJSON-31_1,smt-10,solve,14,UNSAT
FASTJSON-31_1,smt-10,update,0,
FASTJSON-31_1,smt-49,check,0,false
FASTJSON-31_1,smt-49,solve,33,UNSAT
FASTJSON-31_1,smt-49,update,0,
GUAVA-45_1,smt-86,solve,253,SAT
FASTJSON-31_1,smt-13,check,1,false
GUAVA-45_1,smt-106,check,0,false
GUAVA-45_1,smt-106,solve,2,SAT
GUAVA-45_1,smt-15,check,0,false
GUAVA-45_1,smt-15,solve,8,SAT
GUAVA-45_1,smt-14,check,0,false
GUAVA-45_1,smt-14,solve,2,SAT
GUAVA-45_1,smt-65,check,0,false
GUAVA-45_1,smt-65,solve,2,SAT
GUAVA-45_1,smt-113,check,0,false
SPOON-103_1,smt-22,solve,5003,UNKNOWN
SPOON-103_1,smt-6,check,0,false
SPOON-103_1,smt-6,solve,65,UNSAT
SPOON-103_1,smt-6,update,0,
SPOON-103_1,smt-5,check,0,false
GUAVA-45_1,smt-113,solve,414,SAT
GUAVA-45_1,smt-54,check,0,false
SPOON-103_1,smt-5,solve,61,UNSAT
SPOON-103_1,smt-5,update,0,
GUAVA-45_1,smt-54,solve,4,SAT
SPOON-103_1,smt-15,check,0,false
GUAVA-45_1,smt-55,check,1,false
SPOON-103_1,smt-15,solve,4,SAT
SPOON-103_1,smt-14,check,2,false
GUAVA-114_1,smt-174,solve,5002,UNKNOWN
GUAVA-114_1,smt-329,check,156,false
GUAVA-114_1,smt-329,solve,231,UNSAT
GUAVA-114_1,smt-329,update,1,
SPOON-103_1,smt-14,solve,573,UNSAT
SPOON-103_1,smt-14,update,0,
GUAVA-45_1,smt-55,solve,498,SAT
GUAVA-45_1,smt-109,check,0,true
GUAVA-45_1,smt-23,check,0,false
GUAVA-45_1,smt-23,solve,3,SAT
SPOON-103_1,smt-23,check,1,false
GUAVA-45_1,smt-77,check,2,false
GUAVA-114_1,smt-439,check,645,false
GUAVA-85_1,smt-126,solve,3167,SAT
GUAVA-85_1,smt-29,check,1,false
GUAVA-85_1,smt-29,solve,101,SAT
GUAVA-85_1,smt-5,check,6,false
GUAVA-114_1,smt-439,solve,522,UNSAT
GUAVA-114_1,smt-439,update,1,
GUAVA-45_1,smt-77,solve,661,SAT
GUAVA-114_1,smt-59,check,0,false
FASTJSON-31_1,smt-13,solve,5002,UNKNOWN
FASTJSON-31_1,smt-17,check,0,true
FASTJSON-31_1,smt-21,check,0,true
FASTJSON-31_1,smt-58,check,0,true
FASTJSON-31_1,smt-51,check,0,true
FASTJSON-31_1,smt-71,check,0,true
FASTJSON-31_1,smt-26,check,0,false
SPOON-103_1,smt-23,solve,5005,UNKNOWN
GUAVA-85_1,smt-5,solve,4785,UNSAT
GUAVA-85_1,smt-5,update,0,
GUAVA-85_1,smt-135,check,38,false
GUAVA-114_1,smt-59,solve,5002,UNKNOWN
GUAVA-114_1,smt-141,check,4,false
GUAVA-114_1,smt-141,solve,47,UNSAT
GUAVA-114_1,smt-141,update,0,
GUAVA-114_1,smt-42,check,0,false
GUAVA-114_1,smt-42,solve,3,SAT
GUAVA-114_1,smt-82,check,0,false
GUAVA-114_1,smt-82,solve,24,UNSAT
GUAVA-114_1,smt-82,update,0,
GUAVA-114_1,smt-370,check,51,false
FASTJSON-31_1,smt-26,solve,5001,UNKNOWN
FASTJSON-31_1,smt-52,check,0,false
GUAVA-114_1,smt-370,solve,155,UNSAT
GUAVA-114_1,smt-370,update,0,
GUAVA-114_1,smt-4,check,0,false
FASTJSON-31_1,smt-52,solve,57,UNSAT
FASTJSON-31_1,smt-52,update,0,
GUAVA-114_1,smt-4,solve,8,SAT
FASTJSON-31_1,smt-39,check,0,false
FASTJSON-31_1,smt-39,solve,187,SAT
FASTJSON-31_1,smt-46,check,0,false
FASTJSON-31_1,smt-46,solve,2,UNSAT
FASTJSON-31_1,smt-46,update,60,
FASTJSON-31_1,smt-2,check,0,false
GUAVA-114_1,smt-319,check,500,false
FASTJSON-31_1,smt-2,solve,741,SAT
GUAVA-114_1,smt-319,solve,274,UNSAT
GUAVA-114_1,smt-319,update,0,
FASTJSON-31_1,smt-79,check,0,false
FASTJSON-31_1,smt-79,solve,2,UNSAT
FASTJSON-31_1,smt-79,update,0,
FASTJSON-31_1,smt-8,check,0,true
FASTJSON-31_1,smt-19,check,0,false
GUAVA-114_1,smt-171,check,8,false
FASTJSON-31_1,smt-19,solve,151,SAT
GUAVA-114_1,smt-171,solve,58,UNSAT
GUAVA-114_1,smt-171,update,0,
FASTJSON-31_1,smt-78,check,0,true
FASTJSON-31_1,smt-80,check,0,false
GUAVA-114_1,smt-234,check,53,false
FASTJSON-31_1,smt-80,solve,35,UNSAT
FASTJSON-31_1,smt-80,update,0,
FASTJSON-31_1,smt-33,check,0,false
FASTJSON-31_1,smt-33,solve,12,UNSAT
FASTJSON-31_1,smt-33,update,0,
FASTJSON-31_1,smt-73,check,0,true
FASTJSON-31_1,smt-70,check,0,true
FASTJSON-31_1,smt-35,check,0,false
FASTJSON-31_1,smt-35,solve,2,SAT
FASTJSON-31_1,smt-56,check,0,true
FASTJSON-31_1,smt-28,check,0,true
FASTJSON-31_1,smt-34,check,0,true
FASTJSON-31_1,smt-68,check,0,true
FASTJSON-31_1,smt-11,check,0,false
GUAVA-114_1,smt-234,solve,123,UNSAT
GUAVA-114_1,smt-234,update,0,
GUAVA-114_1,smt-66,check,0,false
GUAVA-114_1,smt-66,solve,24,UNSAT
GUAVA-114_1,smt-66,update,0,
GUAVA-114_1,smt-120,check,9,false
GUAVA-85_1,smt-135,solve,2759,SAT
GUAVA-85_1,smt-86,check,0,true
GUAVA-85_1,smt-106,check,49,false
GUAVA-85_1,smt-106,solve,504,UNSAT
GUAVA-85_1,smt-106,update,0,
GUAVA-85_1,smt-15,check,1,false
GUAVA-85_1,smt-15,solve,120,SAT
GUAVA-85_1,smt-14,check,0,false
GUAVA-85_1,smt-14,solve,16,UNSAT
GUAVA-85_1,smt-14,update,0,
GUAVA-85_1,smt-131,check,15,false
GUAVA-85_1,smt-131,solve,141,UNSAT
GUAVA-85_1,smt-131,update,0,
GUAVA-85_1,smt-65,check,0,false
FASTJSON-31_1,smt-11,solve,5002,UNKNOWN
FASTJSON-31_1,smt-50,check,0,false
GUAVA-85_1,smt-65,solve,70,SAT
FASTJSON-31_1,smt-50,solve,17,UNSAT
FASTJSON-31_1,smt-50,update,0,
FASTJSON-31_1,smt-44,check,0,true
FASTJSON-31_1,smt-16,check,0,false
GUAVA-114_1,smt-120,solve,5031,UNKNOWN
GUAVA-85_1,smt-113,check,46,false
FASTJSON-31_1,smt-16,solve,55,UNSAT
FASTJSON-31_1,smt-16,update,0,
GUAVA-114_1,smt-121,check,4,false
FASTJSON-31_1,smt-9,check,0,false
GUAVA-114_1,smt-121,solve,50,UNSAT
GUAVA-114_1,smt-121,update,0,
GUAVA-114_1,smt-360,check,104,false
FASTJSON-31_1,smt-9,solve,718,SAT
FASTJSON-31_1,smt-12,check,0,false
FASTJSON-31_1,smt-12,solve,148,SAT
FASTJSON-31_1,smt-61,check,0,false
FASTJSON-31_1,smt-61,solve,153,SAT
FASTJSON-31_1,smt-22,check,0,true
FASTJSON-31_1,smt-62,check,0,false
GUAVA-85_1,smt-113,solve,2933,SAT
GUAVA-85_1,smt-54,check,5,false
GUAVA-85_1,smt-54,solve,66,UNSAT
GUAVA-85_1,smt-54,update,0,
GUAVA-85_1,smt-55,check,0,false
GUAVA-85_1,smt-55,solve,14,UNSAT
GUAVA-85_1,smt-55,update,0,
GUAVA-85_1,smt-109,check,36,false
GUAVA-114_1,smt-360,solve,5056,UNKNOWN
GUAVA-114_1,smt-353,check,419,false
FASTJSON-31_1,smt-62,solve,5001,UNKNOWN
FASTJSON-31_1,smt-63,check,0,false
FASTJSON-31_1,smt-63,solve,176,SAT
FASTJSON-31_1,smt-41,check,1,false
GUAVA-114_1,smt-353,solve,297,UNSAT
GUAVA-114_1,smt-353,update,1,
GUAVA-114_1,smt-256,check,55,false
GUAVA-114_1,smt-256,solve,145,UNSAT
GUAVA-114_1,smt-256,update,0,
GUAVA-114_1,smt-268,check,15,false
GUAVA-85_1,smt-109,solve,2077,SAT
GUAVA-85_1,smt-23,check,1,false
GUAVA-85_1,smt-23,solve,67,SAT
GUAVA-85_1,smt-77,check,1,false
GUAVA-85_1,smt-77,solve,75,SAT
FASTJSON-31_1,smt-41,solve,5002,UNKNOWN
FASTJSON-31_1,smt-72,check,0,true
FASTJSON-31_1,smt-6,check,0,false
GUAVA-114_1,smt-268,solve,5002,UNKNOWN
GUAVA-114_1,smt-85,check,1,false
GUAVA-114_1,smt-85,solve,19,UNSAT
GUAVA-114_1,smt-85,update,0,
GUAVA-114_1,smt-426,check,271,false
GUAVA-114_1,smt-426,solve,235,UNSAT
GUAVA-114_1,smt-426,update,1,
GUAVA-114_1,smt-458,check,899,false
GUAVA-114_1,smt-458,solve,342,UNSAT
GUAVA-114_1,smt-458,update,1,
FASTJSON-31_1,smt-6,solve,3757,SAT
FASTJSON-31_1,smt-29,check,0,false
GUAVA-114_1,smt-331,check,62,false
GUAVA-114_1,smt-331,solve,162,UNSAT
GUAVA-114_1,smt-331,update,0,
GUAVA-114_1,smt-289,check,117,false
FASTJSON-31_1,smt-29,solve,5002,UNKNOWN
FASTJSON-31_1,smt-5,check,0,false
GUAVA-114_1,smt-289,solve,5002,UNKNOWN
GUAVA-114_1,smt-363,check,109,false
GUAVA-114_1,smt-363,solve,160,UNSAT
GUAVA-114_1,smt-363,update,0,
GUAVA-114_1,smt-104,check,10,false
GUAVA-114_1,smt-104,solve,68,UNSAT
GUAVA-114_1,smt-104,update,0,
GUAVA-114_1,smt-218,check,12,false
FASTJSON-31_1,smt-5,solve,2508,SAT
FASTJSON-31_1,smt-15,check,0,false
FASTJSON-31_1,smt-15,solve,139,SAT
FASTJSON-31_1,smt-14,check,0,false
FASTJSON-31_1,smt-14,solve,150,SAT
FASTJSON-31_1,smt-65,check,0,false
FASTJSON-31_1,smt-65,solve,11,UNSAT
FASTJSON-31_1,smt-65,update,0,
FASTJSON-31_1,smt-54,check,0,false
FASTJSON-31_1,smt-54,solve,11,UNSAT
FASTJSON-31_1,smt-54,update,0,
FASTJSON-31_1,smt-55,check,0,false
FASTJSON-31_1,smt-55,solve,32,UNSAT
FASTJSON-31_1,smt-55,update,0,
FASTJSON-31_1,smt-23,check,0,false
FASTJSON-31_1,smt-23,solve,58,UNSAT
FASTJSON-31_1,smt-23,update,0,
FASTJSON-31_1,smt-77,check,0,true
GUAVA-114_1,smt-218,solve,5001,UNKNOWN
GUAVA-114_1,smt-183,check,3,false
GUAVA-114_1,smt-183,solve,5002,UNKNOWN
GUAVA-114_1,smt-460,check,774,false
GUAVA-114_1,smt-460,solve,5328,UNKNOWN
GUAVA-114_1,smt-327,check,51,false
GUAVA-114_1,smt-327,solve,5501,UNKNOWN
GUAVA-114_1,smt-332,check,108,false
GUAVA-114_1,smt-332,solve,149,UNSAT
GUAVA-114_1,smt-332,update,0,
GUAVA-114_1,smt-199,check,1,false
GUAVA-114_1,smt-199,solve,5002,UNKNOWN
GUAVA-114_1,smt-313,check,337,false
GUAVA-114_1,smt-313,solve,303,UNSAT
GUAVA-114_1,smt-313,update,23,
GUAVA-114_1,smt-127,check,3,false
GUAVA-114_1,smt-127,solve,5003,UNKNOWN
GUAVA-114_1,smt-391,check,58,false
GUAVA-114_1,smt-391,solve,175,UNSAT
GUAVA-114_1,smt-391,update,13,
GUAVA-114_1,smt-24,check,0,false
GUAVA-114_1,smt-24,solve,2447,SAT
GUAVA-114_1,smt-36,check,0,false
GUAVA-114_1,smt-36,solve,974,SAT
GUAVA-114_1,smt-207,check,0,false
GUAVA-114_1,smt-207,solve,20,UNSAT
GUAVA-114_1,smt-207,update,11,
GUAVA-114_1,smt-419,check,149,false
GUAVA-114_1,smt-419,solve,325,UNSAT
GUAVA-114_1,smt-419,update,13,
GUAVA-114_1,smt-76,check,1,false
GUAVA-114_1,smt-76,solve,29,UNSAT
GUAVA-114_1,smt-76,update,11,
GUAVA-114_1,smt-315,check,419,false
GUAVA-114_1,smt-315,solve,5478,UNKNOWN
GUAVA-114_1,smt-345,check,91,false
GUAVA-114_1,smt-345,solve,179,UNSAT
GUAVA-114_1,smt-345,update,13,
GUAVA-114_1,smt-97,check,0,false
GUAVA-114_1,smt-97,solve,15,UNSAT
GUAVA-114_1,smt-97,update,12,
GUAVA-114_1,smt-337,check,138,false
GUAVA-114_1,smt-337,solve,172,UNSAT
GUAVA-114_1,smt-337,update,12,
GUAVA-114_1,smt-128,check,5,false
GUAVA-114_1,smt-128,solve,46,UNSAT
GUAVA-114_1,smt-128,update,11,
GUAVA-114_1,smt-134,check,0,false
GUAVA-114_1,smt-134,solve,20,UNSAT
GUAVA-114_1,smt-134,update,11,
GUAVA-114_1,smt-216,check,13,false
GUAVA-114_1,smt-216,solve,84,UNSAT
GUAVA-114_1,smt-216,update,11,
GUAVA-114_1,smt-365,check,286,false
GUAVA-114_1,smt-365,solve,5006,UNKNOWN
GUAVA-114_1,smt-60,check,1,false
GUAVA-114_1,smt-60,solve,37,UNSAT
GUAVA-114_1,smt-60,update,12,
GUAVA-114_1,smt-144,check,7,false
GUAVA-114_1,smt-144,solve,67,UNSAT
GUAVA-114_1,smt-144,update,12,
GUAVA-114_1,smt-383,check,32,false
GUAVA-114_1,smt-383,solve,135,UNSAT
GUAVA-114_1,smt-383,update,13,
GUAVA-114_1,smt-356,check,440,false
GUAVA-114_1,smt-356,solve,394,UNSAT
GUAVA-114_1,smt-356,update,16,
GUAVA-114_1,smt-38,check,0,false
GUAVA-114_1,smt-38,solve,15,UNSAT
GUAVA-114_1,smt-38,update,13,
GUAVA-114_1,smt-182,check,6,false
GUAVA-114_1,smt-182,solve,5004,UNKNOWN
GUAVA-114_1,smt-175,check,7,false
GUAVA-114_1,smt-175,solve,45,UNSAT
GUAVA-114_1,smt-175,update,12,
GUAVA-114_1,smt-440,check,708,false
GUAVA-114_1,smt-440,solve,5217,UNKNOWN
GUAVA-114_1,smt-452,check,752,false
GUAVA-114_1,smt-452,solve,508,UNSAT
GUAVA-114_1,smt-452,update,14,
GUAVA-114_1,smt-45,check,0,false
GUAVA-114_1,smt-45,solve,5,UNSAT
GUAVA-114_1,smt-45,update,0,
GUAVA-114_1,smt-422,check,112,false
GUAVA-114_1,smt-422,solve,162,UNSAT
GUAVA-114_1,smt-422,update,15,
GUAVA-114_1,smt-274,check,18,false
GUAVA-114_1,smt-274,solve,5009,UNKNOWN
GUAVA-114_1,smt-259,check,67,false
GUAVA-114_1,smt-259,solve,5003,UNKNOWN
GUAVA-114_1,smt-424,check,283,false
GUAVA-114_1,smt-424,solve,207,UNSAT
GUAVA-114_1,smt-424,update,13,
GUAVA-114_1,smt-285,check,126,false
GUAVA-114_1,smt-285,solve,215,UNSAT
GUAVA-114_1,smt-285,update,16,
GUAVA-114_1,smt-64,check,1,false
GUAVA-114_1,smt-64,solve,5004,UNKNOWN
GUAVA-114_1,smt-25,check,0,false
GUAVA-114_1,smt-25,solve,398,SAT
GUAVA-114_1,smt-278,check,70,false
GUAVA-114_1,smt-278,solve,138,UNSAT
GUAVA-114_1,smt-278,update,13,
GUAVA-114_1,smt-304,check,116,false
GUAVA-114_1,smt-304,solve,215,UNSAT
GUAVA-114_1,smt-304,update,13,
GUAVA-114_1,smt-32,check,0,false
GUAVA-114_1,smt-32,solve,4,UNSAT
GUAVA-114_1,smt-32,update,0,
GUAVA-114_1,smt-283,check,70,false
GUAVA-114_1,smt-283,solve,5002,UNKNOWN
GUAVA-114_1,smt-318,check,325,false
GUAVA-114_1,smt-318,solve,329,UNSAT
GUAVA-114_1,smt-318,update,13,
GUAVA-114_1,smt-99,check,0,false
GUAVA-114_1,smt-99,solve,1,SAT
GUAVA-114_1,smt-335,check,30,false
GUAVA-114_1,smt-335,solve,5004,UNKNOWN
GUAVA-114_1,smt-429,check,150,false
GUAVA-114_1,smt-429,solve,218,UNSAT
GUAVA-114_1,smt-429,update,13,
GUAVA-114_1,smt-43,check,0,false
GUAVA-114_1,smt-43,solve,19,UNSAT
GUAVA-114_1,smt-43,update,11,
GUAVA-114_1,smt-47,check,0,false
GUAVA-114_1,smt-47,solve,2,SAT
GUAVA-114_1,smt-156,check,1,false
GUAVA-114_1,smt-156,solve,5003,UNKNOWN
GUAVA-114_1,smt-389,check,21,false
GUAVA-114_1,smt-389,solve,61,UNSAT
GUAVA-114_1,smt-389,update,12,
GUAVA-114_1,smt-124,check,17,false
GUAVA-114_1,smt-124,solve,62,UNSAT
GUAVA-114_1,smt-124,update,14,
GUAVA-114_1,smt-262,check,64,false
GUAVA-114_1,smt-262,solve,121,UNSAT
GUAVA-114_1,smt-262,update,12,
GUAVA-114_1,smt-154,check,1,false
GUAVA-114_1,smt-154,solve,21,UNSAT
GUAVA-114_1,smt-154,update,0,
GUAVA-114_1,smt-116,check,4,false
GUAVA-114_1,smt-116,solve,30,UNSAT
GUAVA-114_1,smt-116,update,1,
GUAVA-114_1,smt-101,check,2,false
GUAVA-114_1,smt-101,solve,5003,UNKNOWN
GUAVA-114_1,smt-308,check,154,false
GUAVA-114_1,smt-308,solve,178,UNSAT
GUAVA-114_1,smt-308,update,13,
GUAVA-114_1,smt-228,check,61,false
GUAVA-114_1,smt-228,solve,5003,UNKNOWN
GUAVA-114_1,smt-30,check,0,false
GUAVA-114_1,smt-30,solve,3,UNSAT
GUAVA-114_1,smt-30,update,0,
GUAVA-114_1,smt-380,check,172,false
GUAVA-114_1,smt-380,solve,219,UNSAT
GUAVA-114_1,smt-380,update,1,
GUAVA-114_1,smt-302,check,205,false
GUAVA-114_1,smt-302,solve,252,UNSAT
GUAVA-114_1,smt-302,update,13,
GUAVA-114_1,smt-138,check,0,false
GUAVA-114_1,smt-138,solve,17,UNSAT
GUAVA-114_1,smt-138,update,12,
GUAVA-114_1,smt-168,check,9,false
GUAVA-114_1,smt-168,solve,5003,UNKNOWN
GUAVA-114_1,smt-215,check,15,false
GUAVA-114_1,smt-215,solve,71,UNSAT
GUAVA-114_1,smt-215,update,12,
GUAVA-114_1,smt-303,check,132,false
GUAVA-114_1,smt-303,solve,155,UNSAT
GUAVA-114_1,smt-303,update,12,
GUAVA-114_1,smt-40,check,0,false
GUAVA-114_1,smt-40,solve,10,UNSAT
GUAVA-114_1,smt-40,update,11,
GUAVA-114_1,smt-317,check,515,false
GUAVA-114_1,smt-317,solve,356,UNSAT
GUAVA-114_1,smt-317,update,14,
GUAVA-114_1,smt-355,check,59,false
GUAVA-114_1,smt-355,solve,105,UNSAT
GUAVA-114_1,smt-355,update,1,
GUAVA-114_1,smt-111,check,10,false
GUAVA-114_1,smt-111,solve,58,UNSAT
GUAVA-114_1,smt-111,update,0,
GUAVA-114_1,smt-416,check,132,false
GUAVA-114_1,smt-416,solve,147,UNSAT
GUAVA-114_1,smt-416,update,1,
GUAVA-114_1,smt-20,check,1,false
GUAVA-114_1,smt-20,solve,16,UNSAT
GUAVA-114_1,smt-20,update,11,
GUAVA-114_1,smt-248,check,70,false
GUAVA-114_1,smt-248,solve,115,UNSAT
GUAVA-114_1,smt-248,update,13,
GUAVA-114_1,smt-338,check,31,false
GUAVA-114_1,smt-338,solve,100,UNSAT
GUAVA-114_1,smt-338,update,15,
GUAVA-114_1,smt-190,check,14,false
GUAVA-114_1,smt-190,solve,5003,UNKNOWN
GUAVA-114_1,smt-393,check,186,false
GUAVA-114_1,smt-393,solve,128,UNSAT
GUAVA-114_1,smt-393,update,1,
GUAVA-114_1,smt-401,check,459,false
GUAVA-114_1,smt-401,solve,331,UNSAT
GUAVA-114_1,smt-401,update,1,
GUAVA-114_1,smt-74,check,3,false
GUAVA-114_1,smt-74,solve,5002,UNKNOWN
GUAVA-114_1,smt-69,check,3,false
GUAVA-114_1,smt-69,solve,23,UNSAT
GUAVA-114_1,smt-69,update,0,
GUAVA-114_1,smt-3,check,0,false
GUAVA-114_1,smt-3,solve,2,SAT
GUAVA-114_1,smt-284,check,86,false
GUAVA-114_1,smt-284,solve,162,UNSAT
GUAVA-114_1,smt-284,update,12,
GUAVA-114_1,smt-81,check,4,false
GUAVA-114_1,smt-81,solve,32,UNSAT
GUAVA-114_1,smt-81,update,14,
GUAVA-114_1,smt-179,check,13,false
GUAVA-114_1,smt-179,solve,5003,UNKNOWN
GUAVA-114_1,smt-425,check,265,false
GUAVA-114_1,smt-425,solve,159,UNSAT
GUAVA-114_1,smt-425,update,13,
GUAVA-114_1,smt-375,check,152,false
GUAVA-114_1,smt-375,solve,170,UNSAT
GUAVA-114_1,smt-375,update,1,
GUAVA-114_1,smt-114,check,6,false
GUAVA-114_1,smt-114,solve,43,UNSAT
GUAVA-114_1,smt-114,update,0,
GUAVA-114_1,smt-139,check,23,false
GUAVA-114_1,smt-139,solve,5002,UNKNOWN
GUAVA-114_1,smt-10,check,0,false
GUAVA-114_1,smt-10,solve,110,SAT
GUAVA-114_1,smt-211,check,5,false
GUAVA-114_1,smt-211,solve,33,UNSAT
GUAVA-114_1,smt-211,update,14,
GUAVA-114_1,smt-421,check,168,false
GUAVA-114_1,smt-421,solve,146,UNSAT
GUAVA-114_1,smt-421,update,13,
GUAVA-114_1,smt-49,check,0,false
GUAVA-114_1,smt-49,solve,1,SAT
GUAVA-114_1,smt-402,check,413,false
GUAVA-114_1,smt-402,solve,192,UNSAT
GUAVA-114_1,smt-402,update,0,
GUAVA-114_1,smt-83,check,2,false
GUAVA-114_1,smt-83,solve,5001,UNKNOWN
GUAVA-114_1,smt-13,check,1,false
GUAVA-114_1,smt-13,solve,169,SAT
GUAVA-114_1,smt-102,check,13,false
GUAVA-114_1,smt-102,solve,48,UNSAT
GUAVA-114_1,smt-102,update,13,
GUAVA-114_1,smt-17,check,0,false
GUAVA-114_1,smt-17,solve,1,SAT
GUAVA-114_1,smt-339,check,421,false
GUAVA-114_1,smt-339,solve,5002,UNKNOWN
GUAVA-114_1,smt-407,check,125,false
GUAVA-114_1,smt-407,solve,127,UNSAT
GUAVA-114_1,smt-407,update,0,
GUAVA-114_1,smt-21,check,0,false
GUAVA-114_1,smt-21,solve,5,UNSAT
GUAVA-114_1,smt-21,update,0,
GUAVA-114_1,smt-441,check,1140,false
GUAVA-114_1,smt-441,solve,5326,UNKNOWN
GUAVA-114_1,smt-324,check,452,false
GUAVA-114_1,smt-324,solve,5002,UNKNOWN
GUAVA-114_1,smt-153,check,12,false
GUAVA-114_1,smt-153,solve,42,UNSAT
GUAVA-114_1,smt-153,update,12,
GUAVA-114_1,smt-58,check,1,false
GUAVA-114_1,smt-58,solve,5003,UNKNOWN
GUAVA-114_1,smt-51,check,1,false
GUAVA-114_1,smt-51,solve,13,UNSAT
GUAVA-114_1,smt-51,update,0,
GUAVA-114_1,smt-176,check,9,false
GUAVA-114_1,smt-176,solve,36,UNSAT
GUAVA-114_1,smt-176,update,1,
GUAVA-114_1,smt-186,check,7,false
GUAVA-114_1,smt-186,solve,27,UNSAT
GUAVA-114_1,smt-186,update,12,
GUAVA-114_1,smt-133,check,15,false
GUAVA-114_1,smt-133,solve,5006,UNKNOWN
GUAVA-114_1,smt-206,check,1,false
GUAVA-114_1,smt-206,solve,17,UNSAT
GUAVA-114_1,smt-206,update,13,
GUAVA-114_1,smt-71,check,1,false
GUAVA-114_1,smt-71,solve,23,UNSAT
GUAVA-114_1,smt-71,update,12,
GUAVA-114_1,smt-26,check,0,false
GUAVA-114_1,smt-26,solve,6,UNSAT
GUAVA-114_1,smt-26,update,13,
GUAVA-114_1,smt-403,check,54,false
GUAVA-114_1,smt-403,solve,5003,UNKNOWN
GUAVA-114_1,smt-410,check,115,false
GUAVA-114_1,smt-410,solve,5002,UNKNOWN
GUAVA-114_1,smt-118,check,21,false
GUAVA-114_1,smt-118,solve,44,UNSAT
GUAVA-114_1,smt-118,update,12,
GUAVA-114_1,smt-376,check,270,false
GUAVA-114_1,smt-376,solve,198,UNSAT
GUAVA-114_1,smt-376,update,13,
GUAVA-114_1,smt-212,check,8,false
GUAVA-114_1,smt-212,solve,41,UNSAT
GUAVA-114_1,smt-212,update,13,
GUAVA-114_1,smt-349,check,39,false
GUAVA-114_1,smt-349,solve,83,UNSAT
GUAVA-114_1,smt-349,update,12,
GUAVA-114_1,smt-306,check,420,false
GUAVA-114_1,smt-306,solve,178,UNSAT
GUAVA-114_1,smt-306,update,12,
GUAVA-114_1,smt-342,check,214,false
GUAVA-114_1,smt-342,solve,199,UNSAT
GUAVA-114_1,smt-342,update,13,
GUAVA-114_1,smt-364,check,133,false
GUAVA-114_1,smt-364,solve,5154,UNKNOWN
GUAVA-114_1,smt-384,check,240,false
GUAVA-114_1,smt-384,solve,140,UNSAT
GUAVA-114_1,smt-384,update,13,
GUAVA-114_1,smt-137,check,0,false
GUAVA-114_1,smt-137,solve,15,UNSAT
GUAVA-114_1,smt-137,update,11,
GUAVA-114_1,smt-255,check,66,false
GUAVA-114_1,smt-255,solve,83,UNSAT
GUAVA-114_1,smt-255,update,12,
GUAVA-114_1,smt-239,check,106,false
GUAVA-114_1,smt-239,solve,121,UNSAT
GUAVA-114_1,smt-239,update,12,
GUAVA-114_1,smt-203,check,7,false
GUAVA-114_1,smt-203,solve,5003,UNKNOWN
GUAVA-114_1,smt-130,check,5,false
GUAVA-114_1,smt-130,solve,38,UNSAT
GUAVA-114_1,smt-130,update,12,
GUAVA-114_1,smt-340,check,944,false
GUAVA-114_1,smt-340,solve,262,UNSAT
GUAVA-114_1,smt-340,update,13,
GUAVA-114_1,smt-209,check,6,false
GUAVA-114_1,smt-209,solve,5002,UNKNOWN
GUAVA-114_1,smt-366,check,512,false
GUAVA-114_1,smt-366,solve,232,UNSAT
GUAVA-114_1,smt-366,update,13,
GUAVA-114_1,smt-148,check,0,false
GUAVA-114_1,smt-148,solve,18,UNSAT
GUAVA-114_1,smt-148,update,16,
GUAVA-114_1,smt-253,check,140,false
GUAVA-114_1,smt-253,solve,136,UNSAT
GUAVA-114_1,smt-253,update,12,
GUAVA-114_1,smt-406,check,145,false
GUAVA-114_1,smt-406,solve,5002,UNKNOWN
GUAVA-114_1,smt-269,check,56,false
GUAVA-114_1,smt-269,solve,5130,UNKNOWN
GUAVA-114_1,smt-435,check,241,false
GUAVA-114_1,smt-435,solve,162,UNSAT
GUAVA-114_1,smt-435,update,13,
GUAVA-114_1,smt-390,check,901,false
GUAVA-114_1,smt-390,solve,5063,UNKNOWN
GUAVA-114_1,smt-377,check,372,false
GUAVA-114_1,smt-377,solve,5003,UNKNOWN
GUAVA-114_1,smt-159,check,0,false
GUAVA-114_1,smt-159,solve,9,UNSAT
GUAVA-114_1,smt-159,update,12,
GUAVA-114_1,smt-272,check,59,false
GUAVA-114_1,smt-272,solve,110,UNSAT
GUAVA-114_1,smt-272,update,12,
GUAVA-114_1,smt-110,check,15,false
GUAVA-114_1,smt-110,solve,5003,UNKNOWN
GUAVA-114_1,smt-219,check,18,false
GUAVA-114_1,smt-219,solve,49,UNSAT
GUAVA-114_1,smt-219,update,13,
GUAVA-114_1,smt-322,check,617,false
GUAVA-114_1,smt-322,solve,313,UNSAT
GUAVA-114_1,smt-322,update,13,
GUAVA-114_1,smt-52,check,0,false
GUAVA-114_1,smt-52,solve,404,SAT
GUAVA-114_1,smt-39,check,0,false
GUAVA-114_1,smt-39,solve,6,UNSAT
GUAVA-114_1,smt-39,update,11,
GUAVA-114_1,smt-46,check,1,false
GUAVA-114_1,smt-46,solve,16,UNSAT
GUAVA-114_1,smt-46,update,11,
GUAVA-114_1,smt-2,check,0,false
GUAVA-114_1,smt-2,solve,37,SAT
GUAVA-114_1,smt-347,check,271,false
GUAVA-114_1,smt-347,solve,5512,UNKNOWN
GUAVA-114_1,smt-187,check,25,false
GUAVA-114_1,smt-187,solve,50,UNSAT
GUAVA-114_1,smt-187,update,0,
GUAVA-114_1,smt-123,check,16,false
GUAVA-114_1,smt-123,solve,50,UNSAT
GUAVA-114_1,smt-123,update,12,
GUAVA-114_1,smt-79,check,5,false
GUAVA-114_1,smt-79,solve,29,UNSAT
GUAVA-114_1,smt-79,update,1,
GUAVA-114_1,smt-341,check,60,false
GUAVA-114_1,smt-341,solve,99,UNSAT
GUAVA-114_1,smt-341,update,1,
GUAVA-114_1,smt-414,check,128,false
GUAVA-114_1,smt-414,solve,128,UNSAT
GUAVA-114_1,smt-414,update,1,
GUAVA-114_1,smt-8,check,0,false
GUAVA-114_1,smt-8,solve,14,SAT
GUAVA-114_1,smt-214,check,0,false
GUAVA-114_1,smt-214,solve,7,UNSAT
GUAVA-114_1,smt-214,update,12,
GUAVA-114_1,smt-122,check,14,false
GUAVA-114_1,smt-122,solve,48,UNSAT
GUAVA-114_1,smt-122,update,12,
GUAVA-114_1,smt-19,check,0,false
GUAVA-114_1,smt-19,solve,19,UNSAT
GUAVA-114_1,smt-19,update,0,
GUAVA-114_1,smt-229,check,54,false
GUAVA-114_1,smt-229,solve,5016,UNKNOWN
GUAVA-114_1,smt-149,check,3,false
GUAVA-114_1,smt-149,solve,15,UNSAT
GUAVA-114_1,smt-149,update,0,
GUAVA-114_1,smt-95,check,0,false
GUAVA-114_1,smt-95,solve,17,UNSAT
GUAVA-114_1,smt-95,update,0,
GUAVA-114_1,smt-433,check,262,false
GUAVA-114_1,smt-433,solve,5002,UNKNOWN
GUAVA-114_1,smt-372,check,639,false
GUAVA-114_1,smt-372,solve,261,UNSAT
GUAVA-114_1,smt-372,update,2,
GUAVA-114_1,smt-84,check,3,false
GUAVA-114_1,smt-84,solve,21,UNSAT
GUAVA-114_1,smt-84,update,0,
GUAVA-114_1,smt-78,check,5,false
GUAVA-114_1,smt-78,solve,29,UNSAT
GUAVA-114_1,smt-78,update,1,
GUAVA-114_1,smt-359,check,725,false
GUAVA-114_1,smt-359,solve,266,UNSAT
GUAVA-114_1,smt-359,update,1,
GUAVA-114_1,smt-251,check,82,false
GUAVA-114_1,smt-251,solve,138,UNSAT
GUAVA-114_1,smt-251,update,12,
GUAVA-114_1,smt-164,check,10,false
GUAVA-114_1,smt-164,solve,5003,UNKNOWN
GUAVA-114_1,smt-151,check,0,false
GUAVA-114_1,smt-151,solve,60,SAT
GUAVA-114_1,smt-80,check,5,false
GUAVA-114_1,smt-80,solve,5003,UNKNOWN
GUAVA-114_1,smt-307,check,373,false
GUAVA-114_1,smt-307,solve,5002,UNKNOWN
GUAVA-114_1,smt-115,check,16,false
GUAVA-114_1,smt-115,solve,34,UNSAT
GUAVA-114_1,smt-115,update,16,
GUAVA-114_1,smt-300,check,268,false
GUAVA-114_1,smt-300,solve,5003,UNKNOWN
GUAVA-114_1,smt-197,check,45,false
GUAVA-114_1,smt-197,solve,5003,UNKNOWN
GUAVA-114_1,smt-242,check,157,false
GUAVA-114_1,smt-242,solve,161,UNSAT
GUAVA-114_1,smt-242,update,13,
GUAVA-114_1,smt-291,check,708,false
GUAVA-114_1,smt-291,solve,5003,UNKNOWN
GUAVA-114_1,smt-232,check,53,false
GUAVA-114_1,smt-232,solve,74,UNSAT
GUAVA-114_1,smt-232,update,15,
GUAVA-114_1,smt-445,check,1360,false
GUAVA-114_1,smt-445,solve,299,UNSAT
GUAVA-114_1,smt-445,update,14,
GUAVA-114_1,smt-385,check,73,false
GUAVA-114_1,smt-385,solve,83,UNSAT
GUAVA-114_1,smt-385,update,16,
GUAVA-114_1,smt-314,check,365,false
GUAVA-114_1,smt-314,solve,183,UNSAT
GUAVA-114_1,smt-314,update,12,
GUAVA-114_1,smt-449,check,1859,false
GUAVA-114_1,smt-449,solve,5639,UNKNOWN
GUAVA-114_1,smt-316,check,332,false
GUAVA-114_1,smt-316,solve,5002,UNKNOWN
GUAVA-114_1,smt-161,check,4,false
GUAVA-114_1,smt-161,solve,22,UNSAT
GUAVA-114_1,smt-161,update,14,
GUAVA-114_1,smt-249,check,82,false
GUAVA-114_1,smt-249,solve,107,UNSAT
GUAVA-114_1,smt-249,update,12,
GUAVA-114_1,smt-387,check,200,false
GUAVA-114_1,smt-387,solve,5011,UNKNOWN
GUAVA-114_1,smt-267,check,189,false
GUAVA-114_1,smt-267,solve,5002,UNKNOWN
GUAVA-114_1,smt-33,check,0,false
GUAVA-114_1,smt-33,solve,1,SAT
GUAVA-114_1,smt-73,check,6,false
GUAVA-114_1,smt-73,solve,35,UNSAT
GUAVA-114_1,smt-73,update,11,
GUAVA-114_1,smt-105,check,12,false
GUAVA-114_1,smt-105,solve,36,UNSAT
GUAVA-114_1,smt-105,update,11,
GUAVA-114_1,smt-117,check,35,false
GUAVA-114_1,smt-117,solve,69,UNSAT
GUAVA-114_1,smt-117,update,12,
GUAVA-114_1,smt-152,check,1,false
GUAVA-114_1,smt-152,solve,18,UNSAT
GUAVA-114_1,smt-152,update,11,
GUAVA-114_1,smt-236,check,119,false
GUAVA-114_1,smt-236,solve,109,UNSAT
GUAVA-114_1,smt-236,update,16,
GUAVA-114_1,smt-188,check,37,false
GUAVA-114_1,smt-188,solve,52,UNSAT
GUAVA-114_1,smt-188,update,11,
GUAVA-114_1,smt-172,check,23,false
GUAVA-114_1,smt-172,solve,58,UNSAT
GUAVA-114_1,smt-172,update,11,
GUAVA-114_1,smt-107,check,15,false
GUAVA-114_1,smt-107,solve,35,UNSAT
GUAVA-114_1,smt-107,update,12,
GUAVA-114_1,smt-155,check,52,false
GUAVA-114_1,smt-155,solve,53,UNSAT
GUAVA-114_1,smt-155,update,1,
GUAVA-114_1,smt-430,check,1188,false
GUAVA-114_1,smt-430,solve,5002,UNKNOWN
GUAVA-114_1,smt-241,check,198,false
GUAVA-114_1,smt-241,solve,107,UNSAT
GUAVA-114_1,smt-241,update,1,
GUAVA-114_1,smt-93,check,8,false
GUAVA-114_1,smt-93,solve,5003,UNKNOWN
GUAVA-114_1,smt-437,check,1603,false
GUAVA-114_1,smt-437,solve,429,UNSAT
GUAVA-114_1,smt-437,update,17,
GUAVA-114_1,smt-70,check,7,false
GUAVA-114_1,smt-70,solve,5003,UNKNOWN
GUAVA-114_1,smt-265,check,211,false
GUAVA-114_1,smt-265,solve,114,UNSAT
GUAVA-114_1,smt-265,update,1,
GUAVA-114_1,smt-295,check,254,false
GUAVA-114_1,smt-295,solve,5003,UNKNOWN
GUAVA-114_1,smt-261,check,126,false
GUAVA-114_1,smt-261,solve,115,UNSAT
GUAVA-114_1,smt-261,update,12,
GUAVA-114_1,smt-96,check,0,false
GUAVA-114_1,smt-96,solve,3,SAT
GUAVA-114_1,smt-231,check,74,false
GUAVA-114_1,smt-231,solve,98,UNSAT
GUAVA-114_1,smt-231,update,15,
GUAVA-114_1,smt-91,check,0,false
GUAVA-114_1,smt-91,solve,9,UNSAT
GUAVA-114_1,smt-91,update,0,
GUAVA-114_1,smt-247,check,157,false
GUAVA-114_1,smt-247,solve,5002,UNKNOWN
GUAVA-114_1,smt-258,check,149,false
GUAVA-114_1,smt-258,solve,112,UNSAT
GUAVA-114_1,smt-258,update,12,
GUAVA-114_1,smt-35,check,1,false
GUAVA-114_1,smt-35,solve,16,UNSAT
GUAVA-114_1,smt-35,update,11,
GUAVA-114_1,smt-98,check,0,false
GUAVA-114_1,smt-98,solve,3,SAT
GUAVA-114_1,smt-436,check,982,false
GUAVA-114_1,smt-436,solve,307,UNSAT
GUAVA-114_1,smt-436,update,1,
GUAVA-114_1,smt-298,check,661,false
GUAVA-114_1,smt-298,solve,5002,UNKNOWN
GUAVA-114_1,smt-56,check,0,false
GUAVA-114_1,smt-56,solve,1,SAT
GUAVA-114_1,smt-346,check,940,false
GUAVA-114_1,smt-346,solve,5003,UNKNOWN
GUAVA-114_1,smt-28,check,1,false
GUAVA-114_1,smt-28,solve,38,UNSAT
GUAVA-114_1,smt-28,update,11,
GUAVA-114_1,smt-286,check,277,false
GUAVA-114_1,smt-286,solve,119,UNSAT
GUAVA-114_1,smt-286,update,16,
GUAVA-114_1,smt-129,check,14,false
GUAVA-114_1,smt-129,solve,35,UNSAT
GUAVA-114_1,smt-129,update,1,
GUAVA-114_1,smt-180,check,28,false
GUAVA-114_1,smt-180,solve,58,UNSAT
GUAVA-114_1,smt-180,update,14,
GUAVA-114_1,smt-397,check,1028,false
GUAVA-114_1,smt-397,solve,5025,UNKNOWN
GUAVA-114_1,smt-34,check,0,false
GUAVA-114_1,smt-34,solve,9,UNSAT
GUAVA-114_1,smt-34,update,12,
GUAVA-114_1,smt-208,check,48,false
GUAVA-114_1,smt-208,solve,5003,UNKNOWN
GUAVA-114_1,smt-244,check,97,false
GUAVA-114_1,smt-244,solve,124,UNSAT
GUAVA-114_1,smt-244,update,15,
GUAVA-114_1,smt-381,check,549,false
GUAVA-114_1,smt-381,solve,5053,UNKNOWN
GUAVA-114_1,smt-378,check,103,false
GUAVA-114_1,smt-378,solve,76,UNSAT
GUAVA-114_1,smt-378,update,15,
GUAVA-114_1,smt-201,check,30,false
GUAVA-114_1,smt-201,solve,5002,UNKNOWN
GUAVA-114_1,smt-169,check,55,false
GUAVA-114_1,smt-169,solve,53,UNSAT
GUAVA-114_1,smt-169,update,12,
GUAVA-114_1,smt-68,check,2,false
GUAVA-114_1,smt-68,solve,5003,UNKNOWN
GUAVA-114_1,smt-160,check,3,false
GUAVA-114_1,smt-160,solve,5002,UNKNOWN
GUAVA-114_1,smt-11,check,0,false
GUAVA-114_1,smt-11,solve,21,SAT
GUAVA-114_1,smt-50,check,0,false
GUAVA-114_1,smt-50,solve,17,UNSAT
GUAVA-114_1,smt-50,update,14,
GUAVA-114_1,smt-336,check,71,false
GUAVA-114_1,smt-336,solve,5003,UNKNOWN
GUAVA-114_1,smt-217,check,21,false
GUAVA-114_1,smt-217,solve,55,UNSAT
GUAVA-114_1,smt-217,update,1,
GUAVA-114_1,smt-320,check,724,false
GUAVA-114_1,smt-320,solve,244,UNSAT
GUAVA-114_1,smt-320,update,13,
GUAVA-114_1,smt-44,check,2,false
GUAVA-114_1,smt-44,solve,4277,SAT
GUAVA-114_1,smt-290,check,711,false
GUAVA-114_1,smt-290,solve,272,UNSAT
GUAVA-114_1,smt-290,update,13,
GUAVA-114_1,smt-263,check,212,false
GUAVA-114_1,smt-263,solve,158,UNSAT
GUAVA-114_1,smt-263,update,12,
GUAVA-114_1,smt-16,check,0,false
GUAVA-114_1,smt-16,solve,3,SAT
GUAVA-114_1,smt-459,check,1950,false
GUAVA-114_1,smt-459,solve,595,UNSAT
GUAVA-114_1,smt-459,update,15,
GUAVA-114_1,smt-371,check,755,false
GUAVA-114_1,smt-371,solve,310,UNSAT
GUAVA-114_1,smt-371,update,13,
GUAVA-114_1,smt-288,check,410,false
GUAVA-114_1,smt-288,solve,163,UNSAT
GUAVA-114_1,smt-288,update,1,
GUAVA-114_1,smt-146,check,8,false
GUAVA-114_1,smt-146,solve,27,UNSAT
GUAVA-114_1,smt-146,update,1,
GUAVA-114_1,smt-226,check,95,false
GUAVA-114_1,smt-226,solve,85,UNSAT
GUAVA-114_1,smt-226,update,12,
GUAVA-114_1,smt-125,check,31,false
GUAVA-114_1,smt-125,solve,61,UNSAT
GUAVA-114_1,smt-125,update,11,
GUAVA-114_1,smt-240,check,201,false
GUAVA-114_1,smt-240,solve,121,UNSAT
GUAVA-114_1,smt-240,update,12,
GUAVA-114_1,smt-238,check,70,false
GUAVA-114_1,smt-238,solve,66,UNSAT
GUAVA-114_1,smt-238,update,13,
GUAVA-114_1,smt-94,check,3,false
GUAVA-114_1,smt-94,solve,18,UNSAT
GUAVA-114_1,smt-94,update,0,
GUAVA-114_1,smt-309,check,927,false
GUAVA-114_1,smt-309,solve,226,UNSAT
GUAVA-114_1,smt-309,update,1,
GUAVA-114_1,smt-223,check,12,false
GUAVA-114_1,smt-223,solve,32,UNSAT
GUAVA-114_1,smt-223,update,0,
GUAVA-114_1,smt-192,check,11,false
GUAVA-114_1,smt-192,solve,37,UNSAT
GUAVA-114_1,smt-192,update,0,
GUAVA-114_1,smt-177,check,38,false
GUAVA-114_1,smt-177,solve,5002,UNKNOWN
GUAVA-114_1,smt-9,check,1,false
GUAVA-114_1,smt-9,solve,29,SAT
GUAVA-114_1,smt-12,check,0,false
GUAVA-114_1,smt-12,solve,4,SAT
GUAVA-114_1,smt-61,check,7,false
GUAVA-114_1,smt-61,solve,26,UNSAT
GUAVA-114_1,smt-61,update,0,
GUAVA-114_1,smt-246,check,244,false
GUAVA-114_1,smt-246,solve,105,UNSAT
GUAVA-114_1,smt-246,update,1,
GUAVA-114_1,smt-170,check,22,false
GUAVA-114_1,smt-170,solve,37,UNSAT
GUAVA-114_1,smt-170,update,0,
GUAVA-114_1,smt-198,check,18,false
GUAVA-114_1,smt-198,solve,38,UNSAT
GUAVA-114_1,smt-198,update,0,
GUAVA-114_1,smt-400,check,1517,false
GUAVA-114_1,smt-400,solve,355,UNSAT
GUAVA-114_1,smt-400,update,1,
GUAVA-114_1,smt-257,check,171,false
GUAVA-114_1,smt-257,solve,133,UNSAT
GUAVA-114_1,smt-257,update,1,
GUAVA-114_1,smt-273,check,295,false
GUAVA-114_1,smt-273,solve,162,UNSAT
GUAVA-114_1,smt-273,update,1,
GUAVA-114_1,smt-301,check,1407,false
GUAVA-114_1,smt-301,solve,345,UNSAT
GUAVA-114_1,smt-301,update,2,
GUAVA-114_1,smt-382,check,1117,false
GUAVA-114_1,smt-382,solve,330,UNSAT
GUAVA-114_1,smt-382,update,2,
GUAVA-114_1,smt-132,check,23,false
GUAVA-114_1,smt-132,solve,5001,UNKNOWN
GUAVA-114_1,smt-447,check,3187,false
GUAVA-114_1,smt-447,solve,760,UNSAT
GUAVA-114_1,smt-447,update,1,
GUAVA-114_1,smt-108,check,39,false
GUAVA-114_1,smt-108,solve,5003,UNKNOWN
GUAVA-114_1,smt-277,check,198,false
GUAVA-114_1,smt-277,solve,156,UNSAT
GUAVA-114_1,smt-277,update,12,
GUAVA-114_1,smt-431,check,1157,false
GUAVA-114_1,smt-431,solve,308,UNSAT
GUAVA-114_1,smt-431,update,16,
GUAVA-114_1,smt-196,check,57,false
GUAVA-114_1,smt-196,solve,5002,UNKNOWN
GUAVA-114_1,smt-443,check,2506,false
GUAVA-114_1,smt-443,solve,551,UNSAT
GUAVA-114_1,smt-443,update,3,
GUAVA-114_1,smt-205,check,40,false
GUAVA-114_1,smt-205,solve,50,UNSAT
GUAVA-114_1,smt-205,update,12,
GUAVA-114_1,smt-428,check,610,false
GUAVA-114_1,smt-428,solve,5003,UNKNOWN
GUAVA-114_1,smt-163,check,72,false
GUAVA-114_1,smt-163,solve,55,UNSAT
GUAVA-114_1,smt-163,update,12,
GUAVA-114_1,smt-22,check,1,false
GUAVA-114_1,smt-22,solve,13,UNSAT
GUAVA-114_1,smt-22,update,12,
GUAVA-114_1,smt-224,check,9,false
GUAVA-114_1,smt-224,solve,28,UNSAT
GUAVA-114_1,smt-224,update,11,
GUAVA-114_1,smt-388,check,320,false
GUAVA-114_1,smt-388,solve,5004,UNKNOWN
GUAVA-114_1,smt-357,check,866,false
GUAVA-114_1,smt-357,solve,244,UNSAT
GUAVA-114_1,smt-357,update,13,
GUAVA-114_1,smt-448,check,3284,false
GUAVA-114_1,smt-448,solve,521,UNSAT
GUAVA-114_1,smt-448,update,15,
GUAVA-114_1,smt-415,check,80,false
GUAVA-114_1,smt-415,solve,71,UNSAT
GUAVA-114_1,smt-415,update,0,
GUAVA-114_1,smt-275,check,172,false
GUAVA-114_1,smt-275,solve,5004,UNKNOWN
GUAVA-114_1,smt-399,check,966,false
GUAVA-114_1,smt-399,solve,265,UNSAT
GUAVA-114_1,smt-399,update,15,
GUAVA-114_1,smt-454,check,2907,false
GUAVA-114_1,smt-454,solve,727,UNSAT
GUAVA-114_1,smt-454,update,15,
GUAVA-114_1,smt-62,check,5,false
GUAVA-114_1,smt-62,solve,5003,UNKNOWN
GUAVA-114_1,smt-63,check,3,false
GUAVA-114_1,smt-63,solve,20,UNSAT
GUAVA-114_1,smt-63,update,0,
GUAVA-114_1,smt-310,check,1059,false
GUAVA-114_1,smt-310,solve,5002,UNKNOWN
GUAVA-114_1,smt-294,check,1543,false
GUAVA-114_1,smt-294,solve,243,UNSAT
GUAVA-114_1,smt-294,update,14,
GUAVA-114_1,smt-119,check,30,false
GUAVA-114_1,smt-119,solve,5003,UNKNOWN
GUAVA-114_1,smt-41,check,2,false
GUAVA-114_1,smt-41,solve,15,UNSAT
GUAVA-114_1,smt-41,update,11,
GUAVA-114_1,smt-348,check,577,false
GUAVA-114_1,smt-348,solve,5003,UNKNOWN
GUAVA-114_1,smt-444,check,3609,false
GUAVA-114_1,smt-444,solve,530,UNSAT
GUAVA-114_1,smt-444,update,15,
GUAVA-114_1,smt-194,check,11,false
GUAVA-114_1,smt-194,solve,36,UNSAT
GUAVA-114_1,smt-194,update,11,
GUAVA-114_1,smt-72,check,5,false
GUAVA-114_1,smt-72,solve,28,UNSAT
GUAVA-114_1,smt-72,update,12,
GUAVA-114_1,smt-455,check,1980,false
GUAVA-114_1,smt-455,solve,508,UNSAT
GUAVA-114_1,smt-455,update,14,
GUAVA-114_1,smt-260,check,78,false
GUAVA-114_1,smt-260,solve,63,UNSAT
GUAVA-114_1,smt-260,update,11,
GUAVA-114_1,smt-136,check,18,false
GUAVA-114_1,smt-136,solve,47,UNSAT
GUAVA-114_1,smt-136,update,12,
GUAVA-114_1,smt-166,check,27,false
GUAVA-114_1,smt-166,solve,5003,UNKNOWN
GUAVA-114_1,smt-296,check,1308,false
GUAVA-114_1,smt-296,solve,329,UNSAT
GUAVA-114_1,smt-296,update,1,
GUAVA-114_1,smt-140,check,31,false
GUAVA-114_1,smt-140,solve,5002,UNKNOWN
GUAVA-114_1,smt-157,check,1,false
GUAVA-114_1,smt-157,solve,26,UNSAT
GUAVA-114_1,smt-157,update,11,
GUAVA-114_1,smt-299,check,638,false
GUAVA-114_1,smt-299,solve,242,UNSAT
GUAVA-114_1,smt-299,update,13,
GUAVA-114_1,smt-451,check,1981,false
GUAVA-114_1,smt-451,solve,417,UNSAT
GUAVA-114_1,smt-451,update,2,
GUAVA-114_1,smt-293,check,1435,false
GUAVA-114_1,smt-293,solve,5003,UNKNOWN
GUAVA-114_1,smt-423,check,624,false
GUAVA-114_1,smt-423,solve,203,UNSAT
GUAVA-114_1,smt-423,update,13,
GUAVA-114_1,smt-434,check,1040,false
GUAVA-114_1,smt-434,solve,5187,UNKNOWN
GUAVA-114_1,smt-352,check,745,false
GUAVA-114_1,smt-352,solve,5001,UNKNOWN
GUAVA-114_1,smt-461,check,3391,false
GUAVA-114_1,smt-461,solve,5038,UNKNOWN
GUAVA-114_1,smt-409,check,820,false
GUAVA-114_1,smt-409,solve,309,UNSAT
GUAVA-114_1,smt-409,update,13,
GUAVA-114_1,smt-334,check,1102,false
GUAVA-114_1,smt-334,solve,209,UNSAT
GUAVA-114_1,smt-334,update,13,
GUAVA-114_1,smt-457,check,3442,false
GUAVA-114_1,smt-457,solve,5691,UNKNOWN
GUAVA-114_1,smt-373,check,1663,false
GUAVA-114_1,smt-373,solve,327,UNSAT
GUAVA-114_1,smt-373,update,1,
GUAVA-114_1,smt-350,check,262,false
GUAVA-114_1,smt-350,solve,5005,UNKNOWN
GUAVA-114_1,smt-112,check,52,false
GUAVA-114_1,smt-112,solve,5065,UNKNOWN
GUAVA-114_1,smt-292,check,755,false
GUAVA-114_1,smt-292,solve,232,UNSAT
GUAVA-114_1,smt-292,update,12,
GUAVA-114_1,smt-6,check,0,false
GUAVA-114_1,smt-6,solve,2,SAT
GUAVA-114_1,smt-103,check,40,false
GUAVA-114_1,smt-103,solve,61,UNSAT
GUAVA-114_1,smt-103,update,14,
GUAVA-114_1,smt-418,check,550,false
GUAVA-114_1,smt-418,solve,5003,UNKNOWN
GUAVA-114_1,smt-126,check,34,false
GUAVA-114_1,smt-126,solve,5003,UNKNOWN
GUAVA-114_1,smt-404,check,800,false
GUAVA-114_1,smt-404,solve,245,UNSAT
GUAVA-114_1,smt-404,update,13,
GUAVA-114_1,smt-405,check,145,false
GUAVA-114_1,smt-405,solve,5165,UNKNOWN
GUAVA-114_1,smt-358,check,663,false
GUAVA-114_1,smt-358,solve,276,UNSAT
GUAVA-114_1,smt-358,update,13,
GUAVA-114_1,smt-29,check,2,false
GUAVA-114_1,smt-29,solve,1625,SAT
GUAVA-114_1,smt-5,check,0,false
GUAVA-114_1,smt-5,solve,12,SAT
GUAVA-114_1,smt-417,check,1447,false
GUAVA-114_1,smt-417,solve,344,UNSAT
GUAVA-114_1,smt-417,update,1,
GUAVA-114_1,smt-178,check,69,false
GUAVA-114_1,smt-178,solve,5002,UNKNOWN
GUAVA-114_1,smt-135,check,6,false
GUAVA-114_1,smt-135,solve,23,UNSAT
GUAVA-114_1,smt-135,update,12,
GUAVA-114_1,smt-368,check,98,false
GUAVA-114_1,smt-368,solve,95,UNSAT
GUAVA-114_1,smt-368,update,15,
GUAVA-114_1,smt-351,check,518,false
GUAVA-114_1,smt-351,solve,5002,UNKNOWN
GUAVA-114_1,smt-438,check,2727,false
GUAVA-114_1,smt-438,solve,437,UNSAT
GUAVA-114_1,smt-438,update,15,
GUAVA-114_1,smt-143,check,0,false
GUAVA-114_1,smt-143,solve,9,UNSAT
GUAVA-114_1,smt-143,update,11,
GUAVA-114_1,smt-86,check,1,false
GUAVA-114_1,smt-86,solve,26,UNSAT
GUAVA-114_1,smt-86,update,11,
GUAVA-114_1,smt-245,check,214,false
GUAVA-114_1,smt-245,solve,120,UNSAT
GUAVA-114_1,smt-245,update,12,
GUAVA-114_1,smt-185,check,75,false
GUAVA-114_1,smt-185,solve,79,UNSAT
GUAVA-114_1,smt-185,update,12,
GUAVA-114_1,smt-354,check,1727,false
GUAVA-114_1,smt-354,solve,5008,UNKNOWN
GUAVA-114_1,smt-106,check,46,false
GUAVA-114_1,smt-106,solve,55,UNSAT
GUAVA-114_1,smt-106,update,12,
GUAVA-114_1,smt-15,check,2,false
GUAVA-114_1,smt-15,solve,21,UNSAT
GUAVA-114_1,smt-15,update,14,
GUAVA-114_1,smt-189,check,20,false
GUAVA-114_1,smt-189,solve,5003,UNKNOWN
GUAVA-114_1,smt-408,check,342,false
GUAVA-114_1,smt-408,solve,134,UNSAT
GUAVA-114_1,smt-408,update,12,
GUAVA-114_1,smt-276,check,207,false
GUAVA-114_1,smt-276,solve,147,UNSAT
GUAVA-114_1,smt-276,update,13,
GUAVA-114_1,smt-195,check,13,false
GUAVA-114_1,smt-195,solve,30,UNSAT
GUAVA-114_1,smt-195,update,11,
GUAVA-114_1,smt-279,check,382,false
GUAVA-114_1,smt-279,solve,5004,UNKNOWN
GUAVA-114_1,smt-210,check,48,false
GUAVA-114_1,smt-210,solve,63,UNSAT
GUAVA-114_1,smt-210,update,0,
GUAVA-114_1,smt-254,check,254,false
GUAVA-114_1,smt-254,solve,111,UNSAT
GUAVA-114_1,smt-254,update,1,
GUAVA-114_1,smt-243,check,330,false
GUAVA-114_1,smt-243,solve,153,UNSAT
GUAVA-114_1,smt-243,update,1,
GUAVA-114_1,smt-328,check,359,false
GUAVA-114_1,smt-328,solve,170,UNSAT
GUAVA-114_1,smt-328,update,14,
GUAVA-114_1,smt-432,check,1809,false
GUAVA-114_1,smt-432,solve,5126,UNKNOWN
GUAVA-114_1,smt-450,check,4178,false
GUAVA-114_1,smt-450,solve,5437,UNKNOWN
GUAVA-114_1,smt-252,check,165,false
GUAVA-114_1,smt-252,solve,111,UNSAT
GUAVA-114_1,smt-252,update,12,
GUAVA-114_1,smt-14,check,0,false
GUAVA-114_1,smt-14,solve,4,UNSAT
GUAVA-114_1,smt-14,update,11,
GUAVA-114_1,smt-200,check,19,false
GUAVA-114_1,smt-200,solve,36,UNSAT
GUAVA-114_1,smt-200,update,1,
GUAVA-114_1,smt-204,check,0,false
GUAVA-114_1,smt-204,solve,4,UNSAT
GUAVA-114_1,smt-204,update,11,
GUAVA-114_1,smt-235,check,145,false
GUAVA-114_1,smt-235,solve,115,UNSAT
GUAVA-114_1,smt-235,update,13,
GUAVA-114_1,smt-233,check,109,false
GUAVA-114_1,smt-233,solve,5003,UNKNOWN
GUAVA-114_1,smt-330,check,95,false
GUAVA-114_1,smt-330,solve,69,UNSAT
GUAVA-114_1,smt-330,update,15,
GUAVA-114_1,smt-145,check,73,false
GUAVA-114_1,smt-145,solve,70,UNSAT
GUAVA-114_1,smt-145,update,11,
GUAVA-114_1,smt-221,check,0,false
GUAVA-114_1,smt-221,solve,4,SAT
GUAVA-114_1,smt-321,check,419,false
GUAVA-114_1,smt-321,solve,154,UNSAT
GUAVA-114_1,smt-321,update,1,
GUAVA-114_1,smt-131,check,12,false
GUAVA-114_1,smt-131,solve,31,UNSAT
GUAVA-114_1,smt-131,update,0,
GUAVA-114_1,smt-343,check,292,false
GUAVA-114_1,smt-343,solve,5002,UNKNOWN
GUAVA-114_1,smt-65,check,8,false
GUAVA-114_1,smt-65,solve,26,UNSAT
GUAVA-114_1,smt-65,update,13,
GUAVA-114_1,smt-396,check,100,false
GUAVA-114_1,smt-396,solve,82,UNSAT
GUAVA-114_1,smt-396,update,1,
GUAVA-114_1,smt-367,check,1424,false
GUAVA-114_1,smt-367,solve,296,UNSAT
GUAVA-114_1,smt-367,update,2,
GUAVA-114_1,smt-374,check,791,false
GUAVA-114_1,smt-374,solve,177,UNSAT
GUAVA-114_1,smt-374,update,2,
GUAVA-114_1,smt-453,check,3428,false
GUAVA-114_1,smt-453,solve,5839,UNKNOWN
GUAVA-114_1,smt-113,check,49,false
GUAVA-114_1,smt-113,solve,42,UNSAT
GUAVA-114_1,smt-113,update,13,
GUAVA-114_1,smt-54,check,3,false
GUAVA-114_1,smt-54,solve,43,UNSAT
GUAVA-114_1,smt-54,update,14,
GUAVA-114_1,smt-222,check,0,false
GUAVA-114_1,smt-222,solve,11,UNSAT
GUAVA-114_1,smt-222,update,13,
GUAVA-114_1,smt-446,check,3917,false
GUAVA-114_1,smt-446,solve,595,UNSAT
GUAVA-114_1,smt-446,update,16,
GUAVA-114_1,smt-55,check,0,false
GUAVA-114_1,smt-55,solve,3,UNSAT
GUAVA-114_1,smt-55,update,11,
GUAVA-114_1,smt-184,check,86,false
GUAVA-114_1,smt-184,solve,59,UNSAT
GUAVA-114_1,smt-184,update,12,
GUAVA-114_1,smt-181,check,35,false
GUAVA-114_1,smt-181,solve,51,UNSAT
GUAVA-114_1,smt-181,update,11,
GUAVA-114_1,smt-344,check,640,false
GUAVA-114_1,smt-344,solve,242,UNSAT
GUAVA-114_1,smt-344,update,13,
GUAVA-114_1,smt-213,check,64,false
GUAVA-114_1,smt-213,solve,48,UNSAT
GUAVA-114_1,smt-213,update,1,
GUAVA-114_1,smt-109,check,22,false
GUAVA-114_1,smt-109,solve,5002,UNKNOWN
GUAVA-114_1,smt-165,check,65,false
GUAVA-114_1,smt-165,solve,61,UNSAT
GUAVA-114_1,smt-165,update,0,
GUAVA-114_1,smt-413,check,154,false
GUAVA-114_1,smt-413,solve,5002,UNKNOWN
GUAVA-114_1,smt-193,check,24,false
GUAVA-114_1,smt-193,solve,5002,UNKNOWN
GUAVA-114_1,smt-398,check,108,false
GUAVA-114_1,smt-398,solve,66,UNSAT
GUAVA-114_1,smt-398,update,1,
GUAVA-114_1,smt-369,check,1185,false
GUAVA-114_1,smt-369,solve,351,UNSAT
GUAVA-114_1,smt-369,update,13,
GUAVA-114_1,smt-456,check,2207,false
GUAVA-114_1,smt-456,solve,294,UNSAT
GUAVA-114_1,smt-456,update,2,
GUAVA-114_1,smt-427,check,530,false
GUAVA-114_1,smt-427,solve,196,UNSAT
GUAVA-114_1,smt-427,update,13,
GUAVA-114_1,smt-23,check,1,false
GUAVA-114_1,smt-23,solve,36,SAT
GUAVA-114_1,smt-77,check,9,false
GUAVA-114_1,smt-77,solve,20,UNSAT
GUAVA-114_1,smt-77,update,0,
GUAVA-114_1,smt-442,check,2551,false
GUAVA-114_1,smt-442,solve,347,UNSAT
GUAVA-114_1,smt-442,update,1,
